3.540723219726972237e-01 8.080023517733524452e-01
5.008979532022301839e-01 1.163165667076980991e+00
6.091628468067259439e-01 1.402813357024200069e+00
7.464349742779849972e-01 1.643540917883830055e+00
5.968235323438894069e-01 1.377187531022581179e+00
2.785176036695767854e-01 6.235425542067519755e-01
9.913744442286775982e-02 2.077253041764631769e-01
7.177256207471720550e-01 1.601112512797192799e+00
6.425900039125228558e-01 1.469423472548770704e+00
-5.993150357050545107e-01 -8.019122504024718268e-01
-3.897581582165994263e-01 -6.155752525528476182e-01
-6.875685965088496054e-01 -8.478297284730869077e-01
1.424321401396745346e-01 3.039529829574385000e-01
4.169682147388217297e-01 9.620413926753260681e-01
8.902803530497501727e-01 1.770973433249926066e+00
6.263990024508020449e-01 1.437697348204651338e+00
-1.352440609059302190e-01 -2.515188197923315383e-01
-1.269798157473566169e-01 -2.372678857553165988e-01
5.986734387901043730e-01 1.381062433585961369e+00
-3.430938237379049793e-01 -5.598794164239335736e-01
8.395311290506972668e-01 1.743980232435006883e+00
-8.891640162777515455e-01 -8.749372158012770351e-01
3.635586884279717879e-02 7.401656461417688293e-02
-2.860018176759328012e-01 -4.849072408004858614e-01
-8.799222298908596640e-01 -8.761519405579779596e-01
-4.719287255305381068e-01 -7.012454154416283281e-01
-3.744752664458225189e-01 -5.978914621065498647e-01
7.104195344897412667e-01 1.589561477708031134e+00
9.692326053224840088e-01 1.767921768490123391e+00
2.978623277132531610e-01 6.705043226590066130e-01
2.794101923999642301e-01 6.257036522998340455e-01
3.503420567044912559e-01 7.988507055588819350e-01
5.173706738463085264e-01 1.201452303650126785e+00
2.302871342707530911e-01 5.078012372806404162e-01
-9.468315822134304449e-01 -8.618886865960719845e-01
-8.288337943564405563e-01 -8.785367514654682797e-01
-6.704332021041600198e-01 -8.404845712645105937e-01
-5.271523757094237483e-01 -7.497639044184047918e-01
7.262248055467248609e-01 1.614173845705791255e+00
7.934133286890816539e-01 1.701837501895322013e+00
8.922300474515804103e-01 1.771577287586935112e+00
6.022598251422708326e-01 1.388541805591605893e+00
-6.071779326350323913e-02 -1.176807243465062824e-01
-2.558405046059105681e-01 -4.422967176933826350e-01
1.061740427686898025e-01 2.231518229274724874e-01
1.863366843010615392e-01 4.045222876528907219e-01
-4.734303638743408982e-02 -9.241173705140387495e-02
-1.585435985641040491e-01 -2.908923952524414824e-01
3.553092397849182404e-01 8.110372212548677684e-01
-7.612799610548215412e-02 -1.463290378951527804e-01
4.530847190595925778e-01 1.049569818326477000e+00
6.407333842198863483e-01 1.465839283764480694e+00
2.680082186593940596e-01 5.981443521197886692e-01
6.763416739562367885e-01 1.531962593850655141e+00
7.727163552192503060e-01 1.677952301927878587e+00
-3.771359694318767719e-01 -6.010092691233950291e-01
3.397053207480031922e-01 7.727659192943558963e-01
-5.991552028060138646e-01 -8.018110773332177699e-01
-7.345932348678863022e-02 -1.414037857671282539e-01
-2.377708329254021313e-01 -4.157820963275428716e-01
9.707990495032708944e-01 1.767270764717085552e+00
-8.169611169787494021e-01 -8.780482473294711765e-01
-7.236794385988915002e-01 -8.607839123903285872e-01
6.445944115779561612e-01 1.473276872898023004e+00
7.089348094438501224e-01 1.587178297585137177e+00
-4.780539123528931844e-01 -7.069894048795065666e-01
-3.929721031918587126e-02 -7.703106895124306464e-02
2.187044830225891578e-01 4.803566184616719914e-01
-2.643283727930948457e-01 -4.544966729027885011e-01
2.781370652671527610e-01 6.226213931499287035e-01
5.433249394424799483e-02 1.115589551013446978e-01
-6.525066276963182865e-01 -8.319838376471493380e-01
3.566328534003035955e-01 8.142849223700820982e-01
-9.043916159859760606e-01 -8.724089333277945668e-01
2.541871643112897372e-01 5.648843915682986161e-01
9.158584811110821455e-01 1.776231298328770025e+00
8.283401284123166342e-01 1.735225224630893015e+00
-1.599205098274476544e-01 -2.931819049449557735e-01
-1.770185918434304950e-01 -3.212637808519407390e-01
-9.625992305080069977e-01 -8.566736852124484658e-01
-8.719326088206948988e-01 -8.770079185884078754e-01
1.708672622568111477e-01 3.687680062898083810e-01
-6.881708201572044326e-01 -8.480739229845306593e-01
-5.730501280980712098e-01 -7.844274737127104880e-01
5.586565456150603959e-01 1.294862184091560398e+00
-9.014958915283093344e-01 -8.729402803893234752e-01
-5.856932976454236606e-01 -7.930595582777044683e-01
-8.559739139790834006e-02 -1.636834870480889381e-01
-6.770117932324299925e-01 -8.433950595560133490e-01
-6.631210363285615639e-01 -8.371176009735674661e-01
6.951885175362059188e-01 1.564554473389350608e+00
-8.722583960084862031e-01 -8.769765313994291045e-01
-2.552093262898686987e-01 -4.413829858066325995e-01
1.418749975082261860e-01 3.026953284561865187e-01
-5.697525278146919891e-02 -1.106476585842925270e-01
1.673282817459513794e-01 3.606359056946392139e-01
-4.478273865771129625e-01 -6.777738698223050307e-01
-3.176112663142384163e-01 -5.273397201059721873e-01
-1.035046284866856237e-01 -1.959782345177817353e-01
-4.216271216722944359e-01 -6.506935905242156037e-01
-4.925090937489328136e-01 -7.201878499111945553e-01
-8.910351795141935316e-02 -1.700606569830024339e-01
-8.793211647623810912e-03 -1.750887905600363378e-02
-8.380509033086515069e-01 -8.786460539669043168e-01
3.653324494264883482e-01 8.356321360604228587e-01
9.016698076608135048e-01 1.774030627198656784e+00
-3.618002825045281146e-01 -5.828130868629561867e-01
2.595741945635851033e-01 5.778279314090047913e-01
-2.870002698243816486e-01 -4.862824548918391887e-01
2.688988000864781513e-01 6.002931836188611925e-01
5.949647852290248506e-01 1.373282645893360021e+00
-6.697821534597535598e-01 -8.401904153680691545e-01
-1.605897705905507955e-01 -2.942932343979439702e-01
1.535888458891110364e-01 3.292385403806622479e-01
-2.404687154678063488e-01 -4.197876292378631136e-01
9.418990303444618739e-03 1.892641547121172441e-02
-7.727485046029686222e-01 -8.728128559790209184e-01
8.176314174631132969e-01 1.725947737071012345e+00
-4.983290580149742910e-01 -7.253597344538191827e-01
5.900539553932627745e-01 1.362911451010444752e+00
9.771936018344906660e-02 2.046267503835750567e-01
3.834480243179961834e-01 8.800681018424986179e-01
-4.704843497498112370e-03 -9.387516971768924273e-03
2.271031646838623796e-01 5.002418849273047030e-01
-9.944373994848030307e-01 -8.439841256177258444e-01
-5.372273970428234069e-01 -7.578168595380980754e-01
7.883374185035347814e-01 1.696252283950775874e+00
8.840996642269969286e-01 1.768841504224535122e+00
7.368894113735737772e-01 1.629973450528130696e+00
-5.081787230798118227e-01 -7.339260753637517620e-01
2.899887703249465210e-01 6.513598726449716381e-01
3.075471399105966785e-01 6.941032905207806802e-01
-7.340412499356238074e-01 -8.638625821974557084e-01
5.168073282485080577e-01 1.200151551534717198e+00
-1.747744731937357354e-01 -3.176148921157058158e-01
7.184957486172883767e-01 1.602312842050234831e+00
8.158089465708582289e-01 1.724282819412730650e+00
-2.781664354482072943e-01 -4.740364213930166049e-01
2.682327221101767911e-01 5.986859811038569568e-01
-1.709485937714068093e-01 -3.113683914907153794e-01
