2.913075223610844811e-01 -7.491400654209272592e-01 4.206258083761889033e-01
2.784862935083759483e-01 7.840790015616655451e-01 3.892806334696157222e-01
7.244793908132172167e-01 -3.205786906370577949e-02 1.324810304257595384e+00
-1.974127864185859504e-02 6.868479608710438278e-01 -3.052784801277691473e-02
3.511942318329347446e-01 -1.585659224927233879e-01 6.794071594375089562e-01
-7.431852670849118381e-01 -9.463421955844507627e-01 -7.911973993406692385e-01
9.307768317563358540e-01 3.667613480904829970e-01 1.497480777617118397e+00
-1.052167861007917704e-01 -2.438162224728390726e-01 -2.038331641932314142e-01
-6.790913924836115001e-01 -1.350159095863371350e-01 -1.244740324677596766e+00
-4.960242838120726416e-01 1.644255231339212253e-01 -9.390272428461809984e-01
-8.544228245732220506e-01 -8.656263464630020721e-02 -1.502736373826341731e+00
-3.337938970860089283e-01 6.977112262237534779e-01 -5.021351467863413021e-01
8.445127144966603217e-01 5.848818183862591891e-01 1.246743248776545965e+00
2.057933198794281715e-02 9.136944956294196230e-01 2.513895609297955858e-02
-8.439695995663324402e-01 6.648462518053277481e-02 -1.491271667826144398e+00
5.853146913161939580e-01 -1.374358029580020624e-01 1.094504620756691970e+00
-5.424110986660217737e-01 -9.775131927203838389e-01 -5.772033118378624428e-01
-2.811584367413199059e-01 8.906884828139391974e-01 -3.489874056617529585e-01
2.154189062221412154e-01 -2.946939147664962011e-02 4.273277196344320017e-01
4.552930988515084820e-01 5.729441630674511066e-01 7.390103315107275916e-01
6.494927971895700924e-01 -2.005472042849553160e-01 1.185322659519897792e+00
-5.676377129322912607e-01 1.332395994770156911e-01 -1.065752936965613129e+00
6.123239667757053306e-01 -3.383663642625149848e-01 1.084360424829273972e+00
7.496355668527637794e-01 9.387694183872838938e-01 8.050838068837339323e-01
-3.522148054158514840e-01 -7.946265829398240221e-01 -4.833488520756941687e-01
-8.397659960544884283e-01 -5.138427152112375884e-01 -1.296690932091043802e+00
-7.985113475999232602e-01 -9.049804512927021038e-01 -8.849407988957849192e-01
3.067566125785791131e-01 2.487680521393405009e-01 5.853452069048786788e-01
6.442257960635434655e-01 4.668853964869339457e-01 1.072604549390365536e+00
-5.123516508079797305e-01 5.132325769389358694e-01 -8.541363895465038381e-01
9.791380258293909122e-01 5.319988190293871710e-01 1.430608665660118239e+00
-5.581506848382598029e-01 3.186900003272362669e-01 -1.005900808981046168e+00
-6.681377802967723989e-01 2.401080235686173792e-01 -1.203505005907732572e+00
7.820344920090824825e-01 -1.799740762520559700e-01 1.386683677272837922e+00
1.427405269999781900e-01 9.077837366379888362e-01 1.751157961957083842e-01
-7.597508515990747391e-02 4.320086552263130431e-01 -1.378572735301343555e-01
-7.319847030280256517e-01 1.162722169687753215e-01 -1.327669176469065571e+00
-7.565503589854686295e-01 1.092650348224279977e-01 -1.364646976682745594e+00
4.900094208763076109e-01 7.500144761686579065e-01 6.887063235781643034e-01
9.933904575058239983e-01 -1.611154644573697947e-01 1.654060078337132644e+00
7.760826468977790604e-01 6.828082489353523021e-01 1.086884325894580838e+00
-8.415611136033204209e-01 -8.709392869555770966e-01 -9.606028192428295309e-01
3.665102200320438097e-01 -4.305020069275015127e-01 6.513231686445276614e-01
-1.515611205984548349e-01 7.643194852967361008e-02 -3.010815001692469517e-01
-6.746536389923510901e-01 5.403855628554283808e-01 -1.071248061451204769e+00
-9.211245938998835481e-02 -1.732437830695983116e-01 -1.812107104875167185e-01
8.510819525763974047e-01 -7.450494520779207264e-01 1.105513010928895756e+00
-6.445785271292080454e-01 1.039912937957552241e-01 -1.195231195258535051e+00
-7.707542199517111170e-01 -7.547356812142759219e-01 -1.014991693151168217e+00
7.619035819206474436e-01 9.767341492395360536e-01 7.727657732142039215e-01
-3.999849188892301566e-01 6.010792196981659119e-01 -6.423037655176310201e-01
1.994273702225767275e-01 6.532966074462782657e-01 3.146290820646004405e-01
5.283283253073605135e-01 -2.997068016576773797e-01 9.632390335658925773e-01
8.859109715511795935e-01 -3.198763009870551066e-01 1.470409929441924612e+00
-7.984651680385137507e-01 -1.846157950672518977e-01 -1.408227930975096021e+00
-8.652565855704311693e-01 -8.929335137789008447e-01 -9.548197138383887062e-01
8.117467834257081627e-01 3.391942488054350280e-01 1.368308502361904377e+00
-4.347350457566613313e-01 -9.336330718538548012e-01 -5.011231036639937075e-01
6.353966696195759711e-01 7.485489442179130704e-01 8.696831624620173784e-01
8.490671124472402020e-01 -7.088478736976857597e-01 1.139677241684389220e+00
-7.179505135464295806e-01 -3.990710339435510345e-01 -1.212301517857721889e+00
5.976668831418230354e-01 6.313413434529712154e-01 9.084887540030655018e-01
-4.280268379106122456e-01 1.121160943320211878e-01 -8.249408549415582215e-01
6.089513054803402659e-01 7.465885521107713529e-01 8.397185538986735587e-01
5.984194253705943378e-01 7.035692387264491643e-01 8.591320891306216678e-01
8.437435259284210565e-01 3.440812087500623173e-01 1.406687479357326964e+00
3.946169872983917859e-01 -3.141169933650109769e-01 7.312862268629867213e-01
5.112082884834842078e-01 -8.940151848308149907e-01 6.127984307947764719e-01
-5.083742016479884107e-01 6.349984740014720241e-01 -7.837505689848373036e-01
6.949716184456565804e-01 -4.109062884956190542e-01 1.174118506640479787e+00
2.814556636089944330e-01 6.496309613647265335e-01 4.423554777303230212e-01
5.358134929433492344e-01 9.617681840395335691e-01 5.841306502750329699e-01
-6.130667252864934191e-01 1.970762287364139498e-01 -1.128481885558197506e+00
-3.475344092164946996e-01 4.626331882658778483e-01 -6.095579079726912708e-01
2.039966874138754438e-02 -4.938601029803301179e-01 3.592171778424242679e-02
-7.963156682250686069e-01 -2.983032542596708581e-02 -1.428932656016588920e+00
3.291371204613994239e-01 -7.048098708369971988e-01 4.924258460987367969e-01
7.504771533074111600e-01 1.972114094855171862e-01 1.337537372541275582e+00
-9.680325111468983668e-01 -5.452129404225324327e-01 -1.408677753065155303e+00
-5.921212763573144855e-01 8.125306358021682218e-01 -7.676006390444982674e-01
6.681298041608769722e-01 -5.626493878896440259e-01 1.048033878298406441e+00
-4.408383515505704953e-01 -6.490866786397448962e-01 -6.798458488697289859e-01
6.518047673609574932e-01 -1.424228152968866068e-01 1.200960235673333765e+00
-9.922995451667260269e-02 7.140428639049043458e-01 -1.497341929300141095e-01
9.826249794016976846e-01 -1.374003489443014203e-01 1.648231664567971322e+00
9.148874918428534508e-01 -9.881593365046904553e-01 8.721043900072512622e-01
2.261300120790052937e-01 -6.082989079197463900e-01 3.679793224415674469e-01
4.753036319587455871e-01 -7.406680405287308089e-01 6.754464841479188575e-01
4.829796069881375775e-01 -7.585029656133657205e-02 9.261693842953312439e-01
6.743023359624933377e-01 -2.030089062872117989e-01 1.223062036999574609e+00
-6.469946480549134682e-01 7.112172819226281195e-01 -9.133104112748436920e-01
-2.758898837088493705e-01 6.898476833418097920e-01 -4.202326988738817604e-01
-4.486357157173396226e-01 -2.750052517007075537e-01 -8.348769517843437349e-01
-8.790830022738049809e-02 6.740233871462339987e-01 -1.371916152126807786e-01
5.642546478327810089e-01 -2.979170243059363621e-01 1.022457618891315700e+00
-7.755800854682193268e-03 8.625294663621085878e-01 -1.009048187279032623e-02
-2.015607164964527964e-01 -5.929953590598324720e-02 -3.996936091555525761e-01
-2.483106941893531427e-01 -6.712443246198648295e-01 -3.848946026144610122e-01
-6.739347008678912010e-01 5.019188658898250388e-01 -1.094187369482083394e+00
7.713624682217968820e-01 2.539693098402457938e-01 1.349502552998535609e+00
-4.101786424366558048e-01 5.832630788248490683e-01 -6.656879478993595889e-01
-3.280111404468138980e-01 -5.028920360566262460e-01 -5.645497508757676419e-01
-6.935912768265153350e-01 5.408243613599105215e-01 -1.096128884699939521e+00
-8.077476654265327571e-01 2.214649171815540329e-01 -1.410161716590072389e+00
-8.832926721590550478e-01 4.282387222484870248e-01 -1.406089462891422670e+00
-1.643375933937347710e-01 7.159369727449759191e-01 -2.468637200287390754e-01
-5.626108188601263160e-01 2.773988971916195867e-01 -1.026010423117968529e+00
3.563003879143560315e-01 -3.408901508387836010e-01 6.574759803099611277e-01
6.303553210301221510e-01 -5.585324915724878547e-01 9.997161332099205877e-01
1.259040549608825277e-02 4.888942809616726448e-01 2.223035962007479868e-02
-3.967122203704886996e-01 7.230662667863394510e-01 -5.794122550193581134e-01
-6.155087434802517521e-01 7.122463186679418579e-01 -8.740238024379175519e-01
-3.800303610599810034e-01 -6.763019071554907669e-01 -5.786003343379274577e-01
3.637725378231942974e-01 8.395471874940825252e-01 4.752096759661407210e-01
7.988627490214139648e-02 -9.864661126029736771e-01 8.804334931854372603e-02
-3.066404328246843392e-01 5.605475545717403252e-01 -5.113249370721488773e-01
9.259561710614224728e-01 -4.050040289601043453e-01 1.469083114572616644e+00
9.218777245698497325e-01 -5.089969971708755425e-01 1.391476578110873996e+00
7.175862823339053120e-01 8.971161722605480726e-02 1.309847538064650152e+00
6.434087166148938497e-02 -8.568168993275624423e-01 8.420865402989367865e-02
-4.155465101395643401e-01 -3.614891232411835409e-01 -7.551999868904876179e-01
-8.580283358018705453e-01 5.437321485903801044e-01 -1.294894639129709812e+00
-7.229629037397298230e-01 4.124077993710593137e-01 -1.212277831855800070e+00
4.008986065417011746e-01 8.234014210008944179e-02 7.778473798511690296e-01
1.616715104159505145e-02 -9.113582472066907858e-01 1.980948578271376354e-02
-1.254080372971586588e-01 -9.582844605862188558e-01 -1.438226253428777357e-01
-1.988161307765767827e-02 -3.260132112957156991e-01 -3.766628476289177879e-02
3.344059858133509033e-01 7.733696592182489615e-01 4.697057672941392648e-01
-4.548134129115201096e-01 -9.196858005937867953e-01 -5.324867720117710812e-01
9.141383646057745782e-01 -3.271789460442128261e-01 1.500042948503488072e+00
4.317930563978222835e-01 -4.933378694886715321e-01 7.371935845042683066e-01
1.000235173678666323e-01 9.979845817456840518e-01 1.082442145825804475e-01
-5.160956970080461392e-01 -2.019258837704659415e-01 -9.669230215604551759e-01
6.944100273817216395e-01 9.565723902503130427e-01 7.376171826120091479e-01
-1.113638491233239769e-01 9.623298165454367004e-01 -1.270503579824267815e-01
-5.442270799546976567e-01 2.752272551282008983e-01 -9.965408204310618467e-01
2.508117633052520112e-02 -3.590197679661626395e-01 4.695916179415700331e-02
-4.008860320381568698e-01 9.266308876453034360e-01 -4.686958224728031142e-01
7.397022438088094454e-01 -4.501150928150824404e-01 1.213857653829413907e+00
-9.079743396751270845e-01 -8.830523632215575569e-01 -1.000766545217576686e+00
