3.789654325564072934e+01 1.074225158903115229e+01
-4.767938766293296737e+01 1.123138325347411914e+01
1.600703757202448507e+00 4.002044401087768932e+00
-4.198978858094148592e+01 1.096071835915570247e+01
-3.707606277096536473e+01 1.069562940799041861e+01
3.078669495068815465e+01 1.029968596894433830e+01
2.872026610601909979e+01 1.015169441059073563e+01
2.611750928263768401e+01 9.949350658904752009e+00
1.373213573888351569e+01 8.580043559663865338e+00
-9.596817098393440659e+00 7.816849076357192061e+00
-4.801716413028455577e+01 1.124641967536845222e+01
-1.314169518994450314e+01 8.486432731150474140e+00
-4.620634298282277896e+00 6.260033137997487174e+00
4.444366884065588863e+01 1.108169396447794774e+01
-5.122470156863234703e-01 1.575140083143353298e+00
-7.527350810239541445e+00 7.299496934804490245e+00
-2.271359583347719635e+01 9.651912639662256765e+00
-3.519328379599068413e+00 5.680115462429865758e+00
-2.664650320454170718e+00 5.087555143175715777e+00
9.218324427277075017e+00 7.731141704832422690e+00
-4.759143889756442292e+01 1.122745065563252886e+01
-1.369869639832660368e+01 8.574850437536763792e+00
2.650952014001756396e+00 5.076577099486067723e+00
-2.291286161805025756e+01 9.670517582644137633e+00
2.466174969090021563e+01 9.827189843836219296e+00
4.083113959113297398e+01 1.090111788317408070e+01
1.532842960649075081e+01 8.814280699090023319e+00
3.565530123844082055e+01 1.061240239525047713e+01
-2.746470406681927656e+00 5.151974355491672597e+00
6.196320438108449125e+00 6.885025509257346243e+00
2.456904522619884901e+01 9.819168005328867466e+00
-6.485465824782549404e+00 6.982170566627413422e+00
-4.204969530177072556e+01 1.096375505883742463e+01
9.829387667664196471e+00 7.867852243237995147e+00
4.801207021054946011e+01 1.124619370149455122e+01
-1.942536232799191254e+01 9.318814438823501689e+00
2.620170860772912391e+01 9.956206446300244650e+00
4.060220328037392790e+01 1.088914156955569368e+01
-3.291137477774326214e+01 1.044183305555873531e+01
-2.516667159644764240e+01 9.870358800195758064e+00
-4.876869871197486717e+00 6.374992655711530176e+00
-2.313634139305180071e+01 9.691191801815326912e+00
-4.899181877693769849e+01 1.128922157252583602e+01
-8.485207703587189343e+00 7.554630923650724306e+00
2.526109410242116127e+01 9.878335365089276010e+00
2.850135872277639848e+01 1.013539725012399728e+01
-8.869521996751860371e+00 7.648982527624360372e+00
-1.011455975863040280e+01 7.928768765101720462e+00
-2.832218439803235199e+01 1.012196469891113182e+01
-5.109364661059856871e+00 6.474189886345731892e+00
-4.671973392449984175e+01 1.118807495043047595e+01
3.915957969729825550e+01 1.081208403029387810e+01
2.360898788191732578e+01 9.734266536625085564e+00
-1.135366981462557234e+01 8.174922379739886225e+00
2.175546942623340918e-01 -2.488996333718218601e-01
-8.525272189499160547e+00 7.564664445729851749e+00
-4.676349296052671889e+01 1.119006903550114984e+01
-2.938296082257275543e+01 1.020028382747071660e+01
-3.875887100342480807e+01 1.079017607307301141e+01
4.288278904051633589e+01 1.100554228762375075e+01
-4.777515498657125903e+01 1.123565721387723571e+01
4.909505528295831311e+01 1.129370522726818216e+01
2.185637939026574372e+01 9.569969753182967054e+00
-5.276065390206880146e+00 6.542574739080859736e+00
-3.939014240752536722e+01 1.082458821159488949e+01
3.737099973368211181e+01 1.071250634029942717e+01
2.593506650895644938e+01 9.934419420888200847e+00
9.709462273629176465e+00 7.841704921585478161e+00
-3.628373281360295977e+01 1.064961705411259274e+01
3.332194212462974647e+00 5.563734050575130041e+00
-1.648517549923089121e+01 8.969243042844542657e+00
-2.831479956962721900e+01 1.012140924261773023e+01
2.493504325791323595e+01 9.850663990244397539e+00
2.015566921305901360e+01 9.397424326605012368e+00
-3.855323001779927239e+01 1.077884495345312743e+01
8.936787926633011026e+00 7.665075374802284180e+00
8.351926337282488788e+00 7.520908410136247113e+00
-1.523517720279251542e+01 8.801283003008357753e+00
-7.267223824714003300e+00 7.224587368297711976e+00
1.241481525481231074e+01 8.365236846035688956e+00
4.605461194171117967e+01 1.115753344495478849e+01
1.716954826045051874e+01 9.055882586910609433e+00
1.628720419849448220e+01 8.943508933587665410e+00
3.166387798490605832e+01 1.035952602044471860e+01
-2.831311150066311200e+01 1.012128225269962734e+01
-9.051134142449790421e-01 2.787649599888884389e+00
-8.872654142826247536e+00 7.649734574177754709e+00
2.613977061842373573e+01 9.951165397374964527e+00
-1.726009817621163478e+01 9.067086406015626210e+00
3.479416960223824162e+01 1.056032814339207704e+01
-2.317255789552985501e+00 4.790017145168185664e+00
2.168664945633561203e+01 9.553364266614934763e+00
1.840559691726778979e+01 9.203954721119789184e+00
-2.321078474135201830e+01 9.698034274325095794e+00
-9.437090143159194255e+00 7.781099569247395209e+00
2.285638165796136789e+01 9.665260673530340796e+00
-4.931806339665147476e+01 1.130335857636607955e+01
-4.535310177132452480e+01 1.112483935517098743e+01
-1.081458860360645602e+01 8.071308521013957460e+00
4.360731000024219384e+01 1.104122881730656403e+01
-1.847234732043483874e+01 9.211665482495172697e+00
1.163078253031937770e+01 8.226285681995365806e+00
-3.671995028393123306e+01 1.067507205119349400e+01
-2.391229322916070288e+01 9.761456424911571617e+00
-1.252229391142102344e+01 8.383597511227319998e+00
3.028795529181943280e+00 5.360391504037517407e+00
-4.364815091183967866e+01 1.104322275893832028e+01
2.259791631562885783e+01 9.641036908676950290e+00
4.586388397758476287e+01 1.114869406736132085e+01
4.456914468655138251e+01 1.108769902640536564e+01
-3.953354253950323027e+01 1.083232841321971129e+01
4.138871617190656593e+01 1.093000765226195270e+01
-4.030829135835629273e+01 1.087366681191613438e+01
-3.900786693253505355e+00 5.899309670396554850e+00
4.661201698783304437e+01 1.118315835613691966e+01
4.437270233399922859e+01 1.107829011698118293e+01
-1.335364311124124725e+01 8.520511080871459697e+00
1.870304190322783455e+01 9.238101561809411777e+00
-1.751995496610028624e+01 9.098915297113745027e+00
1.207578128545029905e+01 8.306260047371274879e+00
4.254546482093147119e+01 1.098872105367652807e+01
3.895879810474004046e+01 1.080113485940965035e+01
2.193660463830650542e+01 9.577773741573860633e+00
-1.340952259158814108e+01 8.529405653914039931e+00
3.834796326583571613e+01 1.076747401884527555e+01
4.320472071665497538e+01 1.102147299972346772e+01
-4.762269073229924032e+01 1.122884890210359998e+01
-3.636159728353553788e+01 1.065418311181368338e+01
2.454351527465476934e+01 9.816953549347246621e+00
4.656725208909710290e+01 1.118111177984183513e+01
-7.649216191733526848e+00 7.333704781903555237e+00
1.180094259956177005e+01 8.257222142448149782e+00
-4.663803929495231415e+01 1.118434714931973062e+01
-3.609663380316018788e+01 1.063860517897288105e+01
-3.470218522052965682e+01 1.055468966500130534e+01
2.974056908225861662e+01 1.022605072208525456e+01
2.851762593389103984e+01 1.013661260535429065e+01
-4.378162781559121441e+01 1.104972640174767129e+01
2.795188104733446011e+01 1.009393198026679883e+01
1.505804537739551208e+01 8.776373465102736304e+00
