-2.199999999999999734e+00 -2.199999999999999734e+00 1.918118695139525709e+00
4.200000000000000178e+00 4.200000000000000178e+00 1.993593226246245687e+00
-9.999999999999998890e-01 -9.999999999999998890e-01 9.999999999999997780e-01
6.000000000000001998e-01 6.000000000000001998e-01 2.294617563739379251e-01
-4.599999999999999645e+00 -4.599999999999999645e+00 1.995543131787810509e+00
-5.999999999999998668e-01 -5.999999999999998668e-01 2.294617563739375088e-01
3.399999999999999911e+00 3.399999999999999911e+00 1.985144867254533541e+00
3.000000000000000000e+00 3.000000000000000000e+00 1.975609756097560954e+00
-2.599999999999999645e+00 -2.599999999999999645e+00 1.957171246488042193e+00
-1.399999999999999911e+00 -1.399999999999999911e+00 1.586913417052213893e+00
-4.199999999999999289e+00 -4.199999999999999289e+00 1.993593226246245687e+00
-2.999999999999999556e+00 -2.999999999999999556e+00 1.975609756097560954e+00
-1.999999999999998446e-01 -1.999999999999998446e-01 3.194888178913728345e-03
-1.799999999999999822e+00 -1.799999999999999822e+00 1.826050654049540700e+00
1.400000000000000355e+00 1.400000000000000355e+00 1.586913417052214559e+00
2.000000000000001776e-01 2.000000000000001776e-01 3.194888178913749596e-03
-3.799999999999999378e+00 -3.799999999999999378e+00 1.990454080307913376e+00
