-3.380074330912047342e-01 -7.514550898724200456e-01 1.449478936192543976e+00 -3.508244708362442399e-01
-2.926146874610120463e-01 2.680953080670221977e-01 1.380799405412282743e+00 1.199277516525128484e-01
-3.583754705112379702e-01 -1.641529247476085640e-01 1.020011228186767482e+00 -1.637595369786193078e-01
7.612493630753885965e-01 -9.149701261153936338e-01 1.360721017905910157e+00 1.221528714112304792e+00
-1.780299761636350286e-02 -9.756630854776611184e-01 1.649383207897797909e+00 -1.912047326292579466e-02
4.945541232534459430e-01 -8.785399566450968756e-03 1.142130477190276938e+00 1.051217701790587225e-02
-9.710211798504172487e-01 8.935028143464356365e-01 1.683012225431211650e+00 8.375761212956767121e-01
8.849008978151318150e-02 -1.218753965905743364e-01 1.658505909853443150e+00 1.186746790959840488e-02
9.057427339025790891e-01 -8.829977391582061186e-01 1.720025541428207960e+00 8.917614151561614744e-01
-2.648389255504794981e-01 -6.881393815263419089e-01 1.672260195281763728e+00 -1.904669560334429079e-01
-4.932641920890853404e-01 -9.352686254252312592e-01 1.732669880621390268e+00 -4.393341375769317381e-01
8.813035008326368658e-01 -3.347929061600929401e-02 1.035883632943673582e+00 9.046243917876090057e-02
-3.600914829212782386e-01 -8.150783162576780150e-01 1.378522814061464707e+00 -4.472413373707423978e-01
2.221880193544936155e-01 6.425676649276246266e-02 1.368876498503533767e+00 -2.337709506601010068e-02
-1.438387702576109373e-01 -2.085481986714396996e-01 1.507386732385475048e+00 -3.904378787264502909e-02
-3.627064118014630134e-01 8.790543005438280488e-01 1.470910517939614470e+00 4.266251848668504154e-01
-9.748103298081775003e-01 -1.717800872709531745e-01 1.477998861785668749e+00 -2.095409814967624240e-01
8.920308608572207199e-01 -1.735438096286662235e-01 1.891326285668275764e+00 1.425462490667693261e-01
-2.598122375939744266e-01 -7.202127716006815339e-01 1.522127193118937960e+00 -2.361567557213667123e-01
8.887687674831534768e-01 -8.628249387903211831e-01 1.914283380865971607e+00 6.890380449182157419e-01
6.147866695601114095e-01 -7.879797663036349764e-01 1.236136397961228983e+00 1.013406825680688073e+00
-4.234616969288554911e-01 -7.433057210179793151e-01 1.605671652239230918e+00 -3.513802995406808960e-01
2.581337408289288149e-01 3.774295583865544534e-01 1.223753586806684446e+00 -2.003419147914609066e-01
6.183926349438962911e-01 1.374338612872889609e-01 1.632344099678036731e+00 -1.019949409939357593e-01
2.337899149999043136e-01 -1.830438745079623342e-01 1.279243853363873473e+00 8.032846860661833899e-02
7.668320531816585905e-01 -5.035519801270365026e-01 1.950681311971321108e+00 3.297178344388178028e-01
8.727935734995404538e-01 -5.946211509722860722e-01 1.413416818249132234e+00 8.538759184577676686e-01
7.398190386405040231e-01 -7.688793538124250038e-01 1.478531498700397462e+00 8.429936849313233171e-01
4.101280577624354384e-01 6.170690124525259890e-01 1.429734947218100460e+00 -3.873027675910766798e-01
6.364193323862298302e-01 -7.483254153452429946e-01 1.011902525716964041e+00 1.490169937140064960e+00
-6.839407729148262449e-01 4.807515090586748085e-01 1.867349857711340544e+00 2.647753483427167653e-01
8.967036438012456756e-01 -5.960601988827153308e-01 1.574383917135801170e+00 7.106247708653008477e-01
-6.407282827150814208e-01 -2.401776737142455875e-01 1.795680271041090403e+00 -1.345545561531537870e-01
6.966640140110463841e-01 -6.884879799136522927e-02 1.684883742272962559e+00 5.448317522215359587e-02
-3.118305927961404489e-01 4.865876107412618889e-01 1.397517278636816407e+00 2.260220866802352124e-01
-1.027918947494887991e-01 -8.761913975685899914e-01 1.122918943917004198e+00 -2.121001066398854051e-01
-2.514720571579535102e-01 -2.692114190518107852e-01 1.172545443988335157e+00 -1.440983032993681523e-01
-8.209534376110791953e-01 -7.772557452217409013e-01 1.126832696801339129e+00 -1.393218756543445735e+00
7.496235282565621993e-02 -5.382140243496538190e-01 1.394737135402478012e+00 6.269062254303742199e-02
-8.572146299101501832e-02 -2.630205742360127719e-01 1.217854470448212378e+00 -4.521710894920329127e-02
-7.233033853822223858e-02 9.919778069209407301e-01 1.012407953942117356e+00 2.084983635869058494e-01
4.718078749559664331e-01 -2.497480882421306836e-01 1.878905024705591842e+00 1.050917082156591909e-01
2.826192646013226950e-01 5.859119267374199858e-01 1.587370928018761340e+00 -2.028846975456290169e-01
-4.786299291232335440e-01 1.079545312797115519e-01 1.242214640096406253e+00 9.586590872681843845e-02
1.827868828989259731e-01 -9.984475898754948675e-01 1.172388662258913694e+00 4.057514829320625349e-01
-2.263912108895955733e-01 -1.794362054819665930e-01 1.639102398889276113e+00 -4.435640287077170091e-02
4.043377821665868899e-01 7.069846931215578723e-01 1.076304369650751269e+00 -7.714902319483649684e-01
7.021175232150209666e-01 -8.104809725528068221e-01 1.327151858260610995e+00 1.042434074393571830e+00
-9.898584710373150575e-01 3.601836485677151201e-01 1.739004776587622647e+00 3.218286492589204628e-01
7.079827210201203869e-01 3.472617042044081614e-01 1.625230709306223709e+00 -3.005112651916481692e-01
-7.934334991574110152e-01 -8.620795991450669327e-01 1.958527002068867873e+00 -4.956332206950120889e-01
1.169538792422123441e-01 -6.147360776286751038e-01 1.459788641958339239e+00 1.024126974964297970e-01
-6.260858043073616042e-01 -5.722284394612286995e-02 1.356105575135650998e+00 -5.500019490026403224e-02
-5.725679196520686576e-01 2.076860794666444132e-01 1.120345193950904150e+00 2.688261172752889894e-01
2.259235825452455826e-01 8.281370454374059609e-02 1.177556167581023328e+00 -4.141389140520448237e-02
-7.695091500510735649e-01 8.278021929974452853e-01 1.086877032842532120e+00 1.502120879133951314e+00
6.280433059082646263e-02 4.682531475962431466e-01 1.041547605343618343e+00 -8.184072352159503516e-02
2.715635297939333892e-02 -6.411798963832348042e-01 1.773350322519900768e+00 1.665576213431547645e-02
4.845641827302310523e-01 4.684190485382833113e-01 1.534599123695598699e+00 -3.038704967574592519e-01
9.934190426251098271e-01 -9.601760665221708013e-01 1.903157635172249007e+00 8.771929477654405449e-01
5.732020060196557631e-01 2.832235672799728876e-01 1.255779916212272473e+00 -3.276174894789594672e-01
-2.015432322769455942e-01 -1.445781563110704049e-02 1.550010426329992086e+00 -3.566621661632798316e-03
-7.241522681082733781e-01 -4.125052188986899626e-01 1.131700112168307903e+00 -6.524615265331874525e-01
8.060109170787598254e-01 -9.783650377018230371e-01 1.609520129132314015e+00 9.932676586652146034e-01
-3.481844872729571438e-01 3.153827837600421402e-01 1.166277501922280191e+00 2.340457160899049593e-01
9.962497572384860778e-01 3.602517080275675632e-01 1.447161635448340977e+00 -5.710025014854874792e-01
3.097262941402326719e-01 4.740496874130495364e-02 1.542210133099971570e+00 -1.911173200128525249e-02
9.737862640475296594e-01 5.962067080959336796e-01 1.667086789396392099e+00 -6.943200775165562222e-01
-4.443023365795859547e-01 -6.292465163849172427e-01 1.802462070468942246e+00 -2.471775183530875164e-01
-2.350432095493767415e-01 -5.946494458101347913e-01 1.801792282920014809e+00 -1.261917190425812796e-01
-8.921651388873811372e-01 2.622055843409348830e-01 1.796697371827408407e+00 1.995925646625064387e-01
-4.556843689387797269e-01 -9.577586104367774578e-02 1.764810186200967523e+00 -4.020619579323361087e-02
-4.723897721624850110e-01 1.433813492488258401e-01 1.160514669312080027e+00 1.440679368493644197e-01
-2.011457906144235031e-01 9.434652510320307162e-01 1.662437138230710598e+00 2.019382988801273759e-01
-8.554334990789141946e-01 -8.948451281956908421e-01 1.457491209101978491e+00 -9.958555016001146010e-01
9.817936473752131299e-02 8.409500605750773738e-01 1.414494087064328331e+00 -1.250242767297228275e-01
3.443085512561124828e-01 8.471795902048940841e-01 1.869025585639795484e+00 -2.594362604132515737e-01
-2.214231254024822126e-01 1.982477163785044683e-01 1.846639595729120398e+00 3.778128901332274137e-02
-1.926319150775774869e-01 9.374247808067265320e-01 1.822359560912729881e+00 1.600410701569105199e-01
2.056198203054696583e-01 7.473029414176606267e-01 1.134588547200192421e+00 -3.656193508752603738e-01
-7.527088538959975095e-01 -5.680539303842788712e-01 1.679411957345928297e+00 -4.229660208367509444e-01
2.036519459034191737e-01 4.087203955661105059e-01 1.704519827185874137e+00 -8.773397516298170329e-02
-4.481002799917371826e-01 -9.820705835792569172e-01 1.647592493712320083e+00 -4.654812918792897714e-01
-6.268213978425406507e-01 3.845402160298576621e-01 1.605794673049215637e+00 2.638903000443946212e-01
3.904248182743760287e-01 -7.472735436928867880e-02 1.547403233641984954e+00 3.803882465244391720e-02
-9.691315701198965904e-01 -1.393963293406024206e-01 1.619383704228829490e+00 -1.408910996324411191e-01
7.624088644470150555e-01 -4.347757633491722284e-01 1.439431531403270625e+00 5.195576674118975724e-01
-6.507867515286469562e-01 -9.119953751001608211e-02 1.756126068268029083e+00 -5.420751829230855551e-02
-5.938340264649448752e-01 -3.090195087379471461e-01 1.228598265581164473e+00 -3.442700725308971421e-01
4.687723081127028735e-01 -1.752108324682577489e-01 1.140240588907555974e+00 1.988393427612215603e-01
-6.481733075492455143e-01 3.583675526128157207e-01 1.117466183356044862e+00 5.240795192124340085e-01
-2.852049845908465331e-01 8.779783203830856531e-01 1.753961899553487136e+00 2.374154056217690489e-01
2.376218362571738130e-01 -4.141608430401869656e-01 1.139099786624611754e+00 2.330759539932084068e-01
-2.537938376895216841e-01 -8.225767190941162266e-01 1.417018584931149183e+00 -3.041886934639256856e-01
-1.686431675427905175e-01 -7.024505491425858672e-02 1.067938119844872524e+00 -3.064436147493727544e-02
-9.862340658449380015e-01 6.868828408577531963e-01 1.816005858288453290e+00 5.609195586518622711e-01
-7.952384344386964621e-01 -4.346007841186316778e-02 1.601467300797793980e+00 -3.744904368098576908e-02
-4.643677123406916296e-01 -2.950026821538318522e-01 1.484240682138192380e+00 -1.782738240182485112e-01
4.595427769786608607e-02 4.551930940466530906e-02 1.292320090558376044e+00 -3.774879044006522032e-03
-8.923228281726499622e-01 2.055705690486370196e-01 1.472110389555522758e+00 2.331325619689262607e-01
-6.800437594647347206e-01 8.925723877896130087e-02 1.507200760119802307e+00 7.505615643956399519e-02
-7.756887757862908073e-01 -9.841707346465614625e-01 1.909744571850612971e+00 -5.827517689612570218e-01
2.290396422006727439e-01 -2.530091935007391379e-01 1.709708803483096506e+00 6.086766846050908203e-02
7.940676467571128327e-01 -9.445273575071106986e-01 1.951515190976703007e+00 6.417733014560681459e-01
-3.784919258260365238e-01 -1.025636839120375177e-01 1.261631224417371744e+00 -7.049728245376216118e-02
-1.323357082654276207e-01 -5.827109221184404442e-01 1.219415770133688737e+00 -1.535459176091861222e-01
2.498673072343929880e-01 -1.338045553304245683e-02 1.200993747036066761e+00 7.131971050111369885e-03
7.590116239893073269e-01 -2.096060474380241345e-01 1.158708463299744640e+00 3.846862895731626431e-01
-8.589573141308758375e-01 -8.260494159654138135e-01 1.051258069038691012e+00 -1.773748555490138656e+00
-7.573987925811723754e-01 4.591730520490672207e-01 1.641053472803189361e+00 3.601384752445747628e-01
-5.007417027833481749e-01 8.207788802566884367e-02 1.702965238731758202e+00 4.048830979927043466e-02
-3.542016280553071939e-01 3.815117766736290106e-01 1.515049686183381983e+00 1.705726461637420699e-01
-4.959054102740261261e-01 -4.442539849417079800e-01 1.967512835409140459e+00 -1.626658461438506009e-01
2.847882950915746614e-01 -6.845018791418024939e-01 1.951746141559248970e+00 1.580225651653064112e-01
-5.107194758730593254e-01 -8.812563708264289364e-01 1.250095914321589063e+00 -8.220284097019525671e-01
-1.099223431493741021e-01 1.278260315599666352e-02 1.044137210380639225e+00 3.824402313756556076e-03
-8.940927579343852516e-01 8.871348784383481512e-02 1.173184893827283304e+00 1.586972834982230962e-01
3.258795210493137251e-01 6.323689525630896702e-01 1.958104430369078219e+00 -1.666731608145190502e-01
-2.049603160828228354e-02 4.362948108735060782e-01 1.353884333729031386e+00 1.460557766377562107e-02
-6.607214518155823946e-03 9.472317016510515275e-01 1.309095964930302447e+00 1.094878846715416354e-02
-4.706851739576065619e-01 -9.584386066799301940e-01 1.446665855678883617e+00 -6.175960479366247036e-01
-9.260580416387718117e-01 5.044384012818700080e-01 1.985267408261290223e+00 3.254363599503072302e-01
8.897754818039302904e-01 8.611774665265499173e-01 1.629337189240305461e+00 -9.504807508965521512e-01
-4.182664385132215390e-01 -8.679818408885811021e-01 1.048248096276597430e+00 -9.513959269723905043e-01
-3.510988330417600389e-01 3.133402157719809011e-01 1.331364051942510951e+00 1.798815705459016201e-01
3.312608866344134428e-01 4.653598141092789575e-01 1.150149402283335176e+00 -3.615779463526008763e-01
1.265001515069252847e-02 -9.129653495592909840e-01 1.356517635216953899e+00 1.885234756336008274e-02
-3.997603474397931622e-01 -5.285045649443556037e-01 1.999523045515260389e+00 -1.524381087696272119e-01
-6.846584497391968727e-01 8.668157201727409999e-01 1.984016300986087833e+00 4.233220494026666003e-01
-9.790674881568341981e-01 6.613138427193488988e-01 1.030841268492424190e+00 1.664916469423938894e+00
6.870627257542510913e-01 -9.577832239216217403e-01 1.695634871200105254e+00 7.372817977187847704e-01
-7.945553695972795705e-01 -5.682087210718039794e-01 1.994046798949303145e+00 -3.155570337995181052e-01
-4.211290646507095392e-01 -7.164376496461577482e-02 1.283614734877838170e+00 -5.271457490456549211e-02
-6.250997785043490573e-01 -4.254148402230295556e-01 1.109632850815624128e+00 -6.098058793431464508e-01
4.953858019525430034e-01 -7.265448312463974601e-01 1.126856722922364273e+00 8.946544660505855173e-01
1.215212461964498836e-02 -8.103302216354424381e-02 1.343179278537122823e+00 1.639440351655389308e-03
-1.966756948329591026e-01 -9.809458445916980907e-01 1.097573556352188007e+00 -4.711846162287494089e-01
-1.286969514028051265e-01 2.124236199191176233e-02 1.684710741795242939e+00 2.852909874934150998e-03
5.488627036694716521e-01 -3.879135026177450429e-01 1.718801290984175889e+00 2.287623017344294074e-01
-2.413221730372540064e-01 3.198426566224301659e-01 1.384145513955998386e+00 1.180144912897646836e-01
6.731086092621616501e-01 5.657522325771197069e-01 1.763980841224533691e+00 -3.936479817730176300e-01
2.346084815342480701e-01 4.435033499408279623e-01 1.862337161646780093e+00 -9.216278485054482661e-02
4.000057687170499587e-02 -1.371591414836147438e-01 1.276375057768746935e+00 1.014369859727800964e-02
-1.816903559376227273e-01 -3.088740477038104393e-01 1.331907532069450006e+00 -9.321085997608945239e-02
8.885038740407471547e-01 -3.886977558366786489e-01 1.014797811106642911e+00 1.104190166752878177e+00
4.414389330319535842e-01 -7.230784255169996344e-01 1.973458660776632012e+00 2.572341983497399842e-01
-7.847784460490618841e-01 6.192591494154917608e-01 1.411174535179748890e+00 6.788409985372835243e-01
5.687408289470554656e-01 6.120417665535089480e-01 1.306141246604002992e+00 -6.490329617758209269e-01
-9.365609330330381121e-01 -2.766268683448951382e-01 1.275543819865425199e+00 -4.367974659162641715e-01
-8.216585699087424199e-01 8.654878720762462230e-01 1.047200873709948965e+00 1.797710732731119254e+00
-6.616317016238582038e-02 1.120845346103146456e-01 1.566284151799573365e+00 9.009033055969173365e-03
4.180290599216167635e-01 7.532830748636820672e-02 1.056230871757775303e+00 -8.837173353678245968e-02
-5.492375025551818890e-01 -5.641045495638485896e-03 1.966642458994589004e+00 -2.278080929367766374e-03
7.449253568367987244e-01 3.586434696578877368e-02 1.185273966787472322e+00 -6.164239763414175455e-02
-3.911274662107753208e-01 -9.033634500050691241e-02 1.726441358225952127e+00 -3.422439261844116565e-02
-8.376118354504520358e-01 8.665487762266975702e-01 1.230045178957102081e+00 1.327948873591137557e+00
5.630006251043346843e-01 7.756838122744095232e-01 1.604651713549309910e+00 -5.391621113220169681e-01
1.910693725184497982e-01 2.872975271662512320e-01 1.721682528943876189e+00 -5.663910891827761418e-02
1.108192957340545792e-01 7.189024700682458136e-01 1.643264667119094025e+00 -8.950169681789998943e-02
-2.586078454440482455e-01 6.942912752849088598e-01 1.858497952825765243e+00 1.520169644361092642e-01
-6.439320588405846868e-01 4.843544297940269860e-01 1.241919858941219923e+00 5.699481403949800962e-01
-9.176652620935852323e-01 -6.101256949985156552e-01 1.408637833734745826e+00 -7.753474985701869215e-01
2.194919463331224119e-01 2.107118757970871670e-02 1.049032051195592619e+00 -1.289109852558502529e-02
-5.614443986978301382e-03 -8.112137284413570848e-01 1.837493201367002449e+00 -4.044529936857005001e-03
-4.767832809311423059e-02 4.564643980918509092e-01 1.004205053306850282e+00 6.443749592684651362e-02
-7.138876951682996408e-01 3.541394568624084416e-01 1.357333812547387719e+00 3.842421842172263902e-01
9.990668117101864087e-02 -7.259026307036714476e-01 1.434416609500988038e+00 1.068081168911712286e-01
-9.896378548183806245e-01 6.140658661338685986e-01 1.837448422474231569e+00 4.913588870524018271e-01
-8.114394609604312913e-01 -3.161310190931276853e-02 1.726699659723888836e+00 -2.387411944600495439e-02
-5.417174196629758187e-01 -5.263891667335381941e-01 1.284358956729067636e+00 -4.919452718380436518e-01
1.492549885095351136e-02 -8.450972260339678632e-01 1.585808629214378485e+00 1.506967628193767172e-02
-6.713096435026159048e-01 -4.999252186803119224e-01 1.063916916878246743e+00 -8.335200195592618044e-01
8.670284069386804404e-01 7.247546164025163717e-01 1.467215564267435379e+00 -9.588388320639380513e-01
-7.152547211418058826e-02 4.184816123274603950e-01 1.695315064230457747e+00 3.102146262820581341e-02
-5.964194108089388990e-01 1.414003170486283212e-01 1.684375716800632583e+00 8.415624018398015771e-02
2.211428418486792724e-01 -8.271877611026311472e-01 1.295670340408641152e+00 3.342882441553409190e-01
9.533742457305359741e-01 7.121906661425492224e-01 1.911546004028654266e+00 -6.162044279623770660e-01
2.831663640204754584e-01 5.217472809861622984e-02 1.972275893637217781e+00 -1.172635433972023418e-02
-2.147165609698358235e-01 1.879026536318776364e-01 1.161590489455640363e+00 8.781875893599211391e-02
-1.261678715385134986e-01 2.089448609936069845e-01 1.009580567963582753e+00 7.662573209398816643e-02
-1.319510421745070383e-01 -5.265135075503292184e-01 1.641429596911329059e+00 -7.634946429665863399e-02
4.239442420676822199e-01 3.342106155791889632e-01 1.623856337054951915e+00 -1.683326502633682997e-01
4.382024371824009279e-01 -1.180794935164332093e-01 1.694973831238049344e+00 5.650735577263236997e-02
9.127648728541480905e-01 -3.588271052580899179e-01 1.424926434197969494e+00 5.325357434323908512e-01
-1.800145856214158124e-01 -4.232635881871734673e-01 1.684751574047076872e+00 -7.910787475566682936e-02
7.083575517559306256e-01 4.070590605408987983e-01 1.907943013621753447e+00 -2.557454532720691009e-01
-1.255908859043631809e-01 8.291686525254999829e-01 1.981970000260839804e+00 7.854304317403200397e-02
9.354535948558767577e-01 9.317451013916592251e-01 1.586039281394531208e+00 -1.146744500269575529e+00
-7.632598645907234802e-01 5.426684690470067185e-01 1.964736876168938995e+00 2.990719277379965679e-01
5.075748799329877770e-01 6.380245557708911219e-01 1.040268102489754209e+00 -9.457819581874382653e-01
1.641764011567509174e-01 7.968315898289013433e-01 1.955423290183943674e+00 -1.043533104194711431e-01
-8.290905705607491960e-01 4.779914542362004859e-01 1.187579782954131913e+00 7.784411496320263746e-01
-6.635900722735241786e-01 1.971205393494888103e-01 1.046520270097435201e+00 3.360116093124795866e-01
-1.866820604703033348e-01 -5.404506348103407243e-01 1.555159226232680769e+00 -1.228562903851040389e-01
-6.864062926700947864e-01 4.454755738628364270e-01 1.262250407593314527e+00 5.387703482618287909e-01
-7.870301356727461561e-01 4.497133552099029652e-01 1.188002523854168269e+00 6.974479196189110608e-01
-9.665598664723782374e-01 2.323302856579351205e-01 1.879500253095119255e+00 1.739004271132691681e-01
-9.070176970234878899e-01 7.438681522229412257e-01 1.259265415857661718e+00 1.170287080651114753e+00
2.984414564190299712e-01 -4.946976295729946793e-01 1.844105276016691608e+00 1.342478395491950305e-01
7.889182327364152592e-02 4.052795943431345416e-01 1.907348315656560933e+00 -2.657588771813339940e-02
-4.834750173104177540e-01 7.114465413917487879e-01 1.047538466325226514e+00 8.969997895756738338e-01
7.589707996524571731e-01 5.276956090587391346e-01 1.823922037038906208e+00 -3.908381228222039261e-01
-1.321695579526509512e-01 -7.512116137381300573e-01 1.330334745286074094e+00 -1.661080457326909732e-01
-6.011142681541452593e-01 -3.223812759298392283e-01 1.977664629388506956e+00 -1.402139722186880877e-01
5.655231252584913548e-02 -8.558955585254768295e-01 1.119389048948621568e+00 1.165449057953833745e-01
4.100657340169321374e-01 -3.921249455994743061e-01 1.792466048377018062e+00 1.565603196789537854e-01
5.019885180522648538e-01 -7.497864179435134169e-01 1.576650112661406533e+00 4.782437079226756205e-01
4.072052683296349951e-01 6.996462125537029619e-01 1.107129343119277687e+00 -7.268942880408784113e-01
-3.020620910871890663e-01 1.140830570988002890e-01 1.315077909517937016e+00 5.802451265106202405e-02
6.410215906073405412e-01 7.176341178962239997e-01 1.118069363621464252e+00 -1.179589911874643571e+00
-5.817943452575927710e-01 8.171204469320680897e-02 1.097709148948998958e+00 1.118517913671184111e-01
7.951958339203845094e-01 5.142266659284390196e-01 1.692160808423785578e+00 -4.654275928541505847e-01
1.681936212781286466e-01 9.835988628967494707e-01 1.141551131214002091e+00 -3.873688900434504312e-01
-4.132897448313482824e-01 4.775281463839681217e-01 1.007817445588305105e+00 5.597874559104334402e-01
1.432871392169092761e-01 7.368514146924222130e-01 1.210148481585211044e+00 -2.194314953571067095e-01
4.718453366474750776e-02 4.062156482568766158e-01 1.334680508358832896e+00 -3.243224283089768401e-02
8.540599601611509328e-01 3.358582718645941600e-02 1.988787250277172181e+00 -2.378814962382981221e-02
-8.718298314376931035e-01 9.855935534942406040e-01 1.118612796359905737e+00 1.894910148838247155e+00
5.812366454121351556e-01 4.622683532610230017e-01 1.896107043075546006e+00 -2.380393835233677036e-01
5.067387247577886944e-01 7.355194880071544983e-01 1.174860555165988307e+00 -8.533190735324837073e-01
1.596647613833882540e-01 -9.368079854029615072e-01 1.206914721789831724e+00 3.130529865212431928e-01
-9.991111248135342571e-02 -7.422400440063514626e-01 1.436076338119611329e+00 -1.068087483433656365e-01
7.384914963641990848e-01 9.217702626586495862e-01 1.274734111596478536e+00 -1.356964548931002046e+00
5.408831798463931140e-02 -5.176847458967254179e-01 1.278653841717141804e+00 5.165823041236775742e-02
-2.097554753638527503e-01 -3.800711872565671889e-01 1.363824292686187434e+00 -1.259410540805331880e-01
7.947094632562958783e-01 3.311726807349306689e-01 1.980658425284604895e+00 -2.186389188904866721e-01
9.045126479018882337e-01 -9.426636456947179443e-02 1.126943742192765274e+00 2.214431295348103235e-01
-1.309102351692661426e-01 -6.315592913955681009e-01 1.278270255605427952e+00 -1.498356487511712798e-01
6.071408372256266173e-01 -8.388138478393402098e-01 1.306343938854821918e+00 9.531547395380716159e-01
-2.543374113348459975e-01 -5.600646655392054196e-01 1.037223376341861680e+00 -3.873624149737177058e-01
-4.977980489804364472e-01 2.469817460446397384e-01 1.463035185220144196e+00 1.641464694134446289e-01
2.722989932820535364e-01 -1.256529529961490921e-01 1.594156369752384617e+00 4.152101282670257743e-02
-8.291521429678487820e-01 8.365066599624256805e-01 1.099986239559476608e+00 1.588019844658242308e+00
-6.142223337850085674e-01 1.798773432273569339e-01 1.944315078739171865e+00 8.260414759044153177e-02
-1.481544915721783040e-01 8.294438135704985671e-01 1.070320942136785636e+00 3.171085364974927656e-01
-3.101734672909323143e-01 -4.158204951941742999e-01 1.703657786663454798e+00 -1.293007647236586455e-01
-1.133637035834678120e-02 2.980887960718497931e-01 1.137770697555616550e+00 7.822388668802483444e-03
6.978450054495048960e-01 8.374563764649467501e-02 1.216017332239319515e+00 -1.274615869118730649e-01
-3.519457914209255245e-01 2.854547806315816949e-01 1.548709456644421945e+00 1.213870793451234248e-01
4.239622990699015714e-01 -7.920901681875458511e-01 1.465781845200280209e+00 4.896644691782089942e-01
9.764140739529405533e-01 -2.326901017339888522e-02 1.603551539328645026e+00 2.937569772070321161e-02
5.983879062687091910e-01 -4.321735825388460794e-01 1.944197858240961807e+00 2.183127143708687712e-01
8.097815940481154495e-01 -7.021210051102194649e-01 1.672190410840949770e+00 6.637489269574171624e-01
-1.663756030406212671e-01 -7.909566761560922199e-01 1.118511045405015780e+00 -3.103965519227057657e-01
7.136904892178440596e-01 6.044830393734408336e-01 1.371630276236562196e+00 -7.407949341262739518e-01
-2.418144055691489047e-01 5.170777936541995912e-01 1.883865833148115509e+00 1.032006589706374738e-01
3.866105333540478250e-01 3.213813138537792158e-01 1.827470428673727110e+00 -1.161016269224253716e-01
6.428183003348524327e-01 3.771586316056421140e-01 1.744753814396073022e+00 -2.553407693309953097e-01
-4.410718807954239207e-02 -9.578413284043680864e-01 1.050026586195556000e+00 -1.144490701633538166e-01
-8.114837398951328939e-01 7.816031493386180751e-01 1.781963623430506516e+00 5.542483507974205192e-01
8.838313240376858282e-01 6.235055407533318661e-01 1.334474713022359094e+00 -1.018351978491323528e+00
5.254731308510752763e-01 7.654253532888206646e-01 1.740130091630891940e+00 -4.205848704161818663e-01
4.984174146717029741e-01 4.872142124810370234e-01 1.896425485330610172e+00 -2.131900335536395519e-01
4.381877497840728219e-01 8.362385822901934329e-01 1.277058367266093342e+00 -7.049364743421338009e-01
-3.310675769777001731e-01 4.708997210364982422e-01 1.988327316848809811e+00 1.145105175512829837e-01
2.863938182643659403e-01 -1.889469530683984821e-01 1.440000037383108777e+00 8.059707644326288833e-02
2.877762346797123616e-01 -8.870822424236143311e-01 1.971285030176491482e+00 2.029189183343562963e-01
-5.335446837289360422e-01 -3.548554285510300277e-01 1.832319555866785743e+00 -1.606077617283296344e-01
-8.959222268565888436e-01 6.845331197171118376e-01 1.841256171679982012e+00 4.980736946735373483e-01
5.445129296384539908e-01 7.934856052050435204e-01 1.554968119421753947e+00 -5.669459014833366783e-01
3.771095068869448896e-01 9.716385675998725491e-01 1.412796688766678299e+00 -5.723063972899254948e-01
-8.201270899596910802e-01 5.593173252724740196e-01 1.045147196328836126e+00 1.164322801937189622e+00
2.892483827731952006e-01 7.176899614717612286e-01 1.794499463115128535e+00 -1.991542388733298918e-01
3.694343930905756856e-01 -2.923272059368461351e-01 1.476827293241185446e+00 1.542469554413497257e-01
5.278422286620986226e-01 -6.150464715541882343e-01 1.727024002051229079e+00 3.447368015623124005e-01
5.013503930129866726e-01 9.719435541096121955e-01 1.121994473530300684e+00 -1.222532336944699427e+00
-7.000696423483784292e-01 -2.721880134613485769e-01 1.036458937414682868e+00 -4.973254566718868230e-01
1.189141698371187772e-02 6.306132650035605192e-01 1.350295345040275485e+00 -1.235313447046761451e-02
-6.751795989557662914e-03 7.585085807772402600e-01 1.799228776205421543e+00 4.742803803904144938e-03
-9.800214875265886860e-01 2.134289072624733219e-01 1.729800520197580571e+00 1.909918593670464904e-01
-9.790040711264277329e-01 -8.931045979182145045e-01 1.904770824005322272e+00 -6.585059011015182984e-01
-4.009757006653470457e-01 -4.953920674924515710e-01 1.751410082904503396e+00 -1.867835325694721382e-01
6.918949925361604913e-01 -7.721309353596550462e-02 1.147748454972621346e+00 1.307066510324992326e-01
-7.272955837969918846e-02 -1.360712614934354026e-01 1.651571712386837643e+00 -1.080579118722952738e-02
-4.988113137976992739e-01 1.881354853800093485e-01 1.940289869517880295e+00 7.122868151163669337e-02
-9.171302880849712125e-01 1.701246733952103130e-01 1.087264373351255697e+00 3.626943470850996221e-01
5.632781272732909628e-01 7.062108456070448348e-01 1.277013386749640045e+00 -7.754726223339540869e-01
-3.512749554503505900e-01 2.273662577810698915e-01 1.507313713719008463e+00 1.018810261059892586e-01
-1.544960047514949419e-01 -7.110196406196653829e-01 1.469850053806780465e+00 -1.502158179750106570e-01
-3.750517399866717394e-01 -6.857982291929839436e-01 1.013083408349866321e+00 -7.246497086370045082e-01
7.102022758254158408e-01 2.355773325220276160e-01 1.893510026099055388e+00 -1.506937840068028611e-01
-4.818313855065894380e-01 -7.091188251158289102e-01 1.555210467177434275e+00 -4.043149916040409964e-01
4.265234137414427584e-01 7.824850003538588172e-01 1.514394257168569125e+00 -4.560291086343892797e-01
2.769875533257039057e-01 7.266090196154900704e-01 1.029282513831521584e+00 -5.861547142545900924e-01
-9.650587226125022511e-01 -5.158350545936919440e-01 1.342125613206105461e+00 -7.561162231670558453e-01
5.163156073444068461e-01 6.552002631444859837e-01 1.998130443409830370e+00 -2.680314803318815664e-01
-3.891340609891231761e-01 5.923733033512587065e-01 1.820028686341366608e+00 2.009463685542119404e-01
-3.147618446539830472e-01 4.338317327391294498e-02 1.705744251459078598e+00 1.365015598389162157e-02
-9.390403692394079238e-01 -4.076748292839416088e-01 1.457825409673171091e+00 -4.940025142925203450e-01
-8.235330491998390512e-01 3.528992547683484915e-01 1.877820629997659641e+00 2.284419028082002590e-01
-8.942915831544162586e-03 2.547684847917067730e-01 1.737503488952385045e+00 2.262072495386378574e-03
-2.266588333427105306e-01 6.880051608080111070e-01 1.963246675345882597e+00 1.186867097569227758e-01
9.212504969810975108e-02 9.836715904197628202e-01 1.286301596901453737e+00 -1.658375924672434720e-01
4.514625253261229654e-01 8.779450794244748613e-01 1.280879898634720071e+00 -7.590259659717890628e-01
-1.229396914126743567e-01 -1.511891623983904198e-01 1.720859915472659374e+00 -1.860100235822953127e-02
6.158402045042405959e-01 2.860283947032431495e-01 1.840116555105977270e+00 -1.663077093290651620e-01
-6.478043159321679179e-01 6.475955534071714537e-01 1.766280068293174743e+00 3.788695939642055532e-01
-4.414327054487824364e-01 -7.087800198370101112e-01 1.077743657213325879e+00 -7.739380213038784539e-01
-7.805274225412961453e-02 4.604082072014507032e-01 1.502725439035206723e+00 4.737143857148315429e-02
3.596629558916919489e-01 -2.146353590337444217e-01 1.235908365901907668e+00 1.572727465581316431e-01
-6.031596669909025099e-01 -7.244238045643804913e-01 1.565312401424859612e+00 -5.045554562452914116e-01
-1.502661992422744675e-01 -1.332773368692651283e-01 1.547242126946438479e+00 -2.472548774728490148e-02
9.326796234169070221e-01 1.549808207453996500e-01 1.745947199039952658e+00 -1.568882893551304114e-01
-1.603025559272048817e-01 -2.315042849111714762e-01 1.868920549557160360e+00 -3.137129280103475443e-02
-4.279316053312651746e-01 -4.200799513417975417e-01 1.430468933782728325e+00 -2.527391599590982918e-01
9.292449910020805781e-01 -6.289177918790445077e-01 1.764479389560179357e+00 6.208243570783138487e-01
2.511561914514267579e-01 3.040774425002634729e-02 1.747290456930589819e+00 -7.697789396645218427e-03
-8.341605089189636502e-01 -5.247151025990551831e-01 1.760995645492501982e+00 -3.908252506856146336e-01
2.188198800648366582e-02 -3.985145669957259607e-01 1.112504345572980391e+00 2.118361930694121625e-02
7.284105442749976289e-01 -7.329592969832537941e-01 1.470892812861637644e+00 7.984745747887436185e-01
-2.178566831597819053e-01 -9.431469432780272832e-01 1.156786510174862004e+00 -4.508221705668378765e-01
2.905246705629399573e-01 8.695504270097060839e-01 1.766355682096226065e+00 -2.501767594400880479e-01
-1.658001491036410480e-01 -9.048970275524793605e-01 1.778980264062067995e+00 -1.399012211754406265e-01
-7.836561572812106302e-01 -6.260043793920133659e-02 1.822217076188375806e+00 -4.110152353597192748e-02
2.686868159314678151e-01 -5.648799013196793561e-01 1.216922546105575265e+00 3.159558563203377912e-01
3.644013980820312026e-01 8.521579242653800623e-01 1.924436297450162758e+00 -2.610571526388197894e-01
4.941132762776914156e-01 7.992578334328805933e-01 1.194652636907870269e+00 -8.732905334612686143e-01
1.477090898727436707e-01 2.396513642290403201e-01 1.969088213289527545e+00 -2.779974488987476192e-02
-1.008448154462363577e-01 -8.292545550279208921e-01 1.654995308197393822e+00 -9.067998994130996304e-02
3.553782264167290039e-01 -6.231398467028627097e-01 1.140595874205408977e+00 5.294790731171536979e-01
4.204185561051348996e-01 -5.067940338400349631e-01 1.984839973364656007e+00 1.693702369225476290e-01
-2.771097659532922863e-01 1.779076646728876554e-01 1.044728283284416470e+00 1.318530091039656627e-01
-2.084513496060020898e-01 -4.032617027112626040e-01 1.018421152865660595e+00 -2.381761439750185172e-01
-9.585082521966781233e-01 5.308254164658706697e-01 1.296038881669525633e+00 8.292420558283458698e-01
-9.361802535938106296e-01 -1.040348318558962371e-01 1.079919453674054619e+00 -2.290926267230748992e-01
-3.914850531568470071e-01 9.911728194226393507e-01 1.115347466431661383e+00 9.005085418298038880e-01
7.512118143046497831e-01 9.449929775125502918e-01 1.041098940621633773e+00 -2.124434779972355081e+00
5.003754280503451835e-01 -7.452232276385575283e-01 1.713098765969734316e+00 4.012660025809906550e-01
4.269711373324763803e-01 6.399884326643892063e-01 1.794657152250241028e+00 -2.658762477450784534e-01
6.685766642546742133e-01 -7.472262723389058170e-01 1.829115100919801451e+00 4.800590254598965378e-01
-4.339156161794368582e-01 -9.894339279858903602e-01 1.513910248888448606e+00 -5.385992633535621188e-01
-4.313794491297551215e-02 -7.642931223825356613e-01 1.882339182281024037e+00 -2.779556234718942587e-02
4.551063867142095543e-01 -7.792159045733284550e-01 1.507695689212430690e+00 4.903357008202033351e-01
6.325911275872351247e-01 -3.746047741728822933e-01 1.433624597052563621e+00 3.692557738348740126e-01
7.572594709807942692e-01 8.651023182143958712e-01 1.257905045102696295e+00 -1.343807204237922548e+00
5.046450218479502370e-01 -9.219118710940075179e-01 1.300295766913744266e+00 8.693630001005661079e-01
-2.244180993583527739e-01 -8.315515448048317326e-01 1.775848595621289494e+00 -1.736272299457730650e-01
-9.158128658899824526e-01 7.409418661733100375e-01 1.119940518994117395e+00 1.486846494276203856e+00
1.760020478684747314e-01 -7.932134627966501705e-01 1.071075819321722022e+00 3.716210958436828582e-01
-5.881667668089072265e-01 -6.454136834273888068e-01 1.258616154117924602e+00 -6.789730387122354660e-01
6.929715037545299827e-01 -1.653080297478134453e-01 1.979163566067836832e+00 9.426623500719463755e-02
-2.889612065063350554e-01 4.684232570274985408e-01 1.199616137880440192e+00 2.742477779257189718e-01
-7.418674187204327142e-01 -1.015252779996507204e-01 1.739379011728568791e+00 -6.952700179884195586e-02
4.053761539440520201e-01 -8.503167528806899744e-01 1.654764180597814383e+00 3.936044612670110965e-01
-5.316784993649760205e-01 9.588538883988267925e-01 1.865525998545616737e+00 4.172752076783193265e-01
3.750287970254588821e-01 7.427045623450406753e-01 1.326795511950784601e+00 -4.931676002097056255e-01
-3.486865564277741303e-02 -7.504327069176982556e-01 1.798974933613893379e+00 -2.417164992386558117e-02
-9.081321047609142161e-01 -5.660815045047123961e-01 1.492704776002992340e+00 -6.345283284700464765e-01
8.830642791144651671e-01 -1.194585229998269549e-01 1.719735396600966748e+00 1.173703932295512287e-01
4.710933259156634412e-01 9.114128434097937825e-01 1.425238487226629491e+00 -6.654649619023544904e-01
1.335285154447152234e-01 -2.530592311154042928e-01 1.184191502996501111e+00 7.326755741902028773e-02
6.456045645181083259e-01 2.805982640090054492e-02 1.676488398645751055e+00 -2.067073870393778059e-02
3.966339513948897721e-01 5.941528229885360002e-01 1.732658482790654597e+00 -2.452222567392400299e-01
5.059034874792937009e-01 -9.461221547623155370e-01 1.476755967311920159e+00 6.935296438735191193e-01
6.204376597165414120e-01 -8.801385911352327396e-01 1.024498144408524380e+00 1.664046825626588122e+00
2.045578767891945704e-01 5.967917480889338711e-01 1.198693416280757429e+00 -2.602076068775056039e-01
-1.439700218557050659e-01 -9.440500875360109401e-01 1.188107710253864191e+00 -2.847533070430731117e-01
-5.012988604219303923e-02 9.109948712635648205e-01 1.048114184756795408e+00 1.240923566407249740e-01
-8.615607292512897919e-01 3.929830661631948940e-01 1.019872922462536247e+00 8.990764643520807731e-01
-9.027773473823703654e-01 5.033342790266115419e-01 1.387212058422164773e+00 6.497339537788650032e-01
7.411115453986119039e-01 -4.008458170956099575e-01 1.625175764628329578e+00 3.644371679610469150e-01
-9.004852573002380955e-01 1.385037154395962755e-02 1.598028734646096183e+00 1.344139318260868105e-02
-1.945118247874967343e-01 -9.936680150637100528e-01 1.029766242365991680e+00 -5.363704433304719021e-01
-6.488554737897946900e-01 1.509361939285395193e-01 1.522787830328277803e+00 1.189818984743472446e-01
-4.140416883381924373e-01 -5.756217223035386965e-02 1.907178639204643478e+00 -1.887558587567830098e-02
-5.568473834632337027e-01 4.063296868631994796e-01 1.565000957980851481e+00 2.625261278287885358e-01
-9.149376309188079759e-01 6.821946066060152747e-01 1.220766956084731181e+00 1.151156149065297285e+00
-3.762023057992773811e-01 -2.455060905482430167e-01 1.868084702232721384e+00 -7.651972838099936614e-02
-3.873519894038923717e-01 3.357925131499068794e-01 1.788093332184057083e+00 1.174932287366095424e-01
2.236652778608126946e-01 4.661150302594749828e-01 1.957249387712569177e+00 -8.351116391056558064e-02
-8.111650318314214125e-01 6.483549009250788586e-02 1.577715571399047612e+00 5.862911690621126076e-02
8.328541914941637314e-01 -3.830757914037521417e-01 1.645784513781187286e+00 3.854737918310066069e-01
9.111283828590721612e-03 1.613286889886641484e-01 1.897292458657805270e+00 -1.226139130199158317e-03
-7.745233919058172045e-01 5.521809330662051929e-01 1.959002474116067427e+00 3.102909880935910691e-01
-4.657832502792890184e-01 -1.263044410680022045e-01 1.128486687311985648e+00 -1.324216902035571519e-01
-9.837117008917938277e-01 -9.662749190375056196e-01 1.506909377559457530e+00 -1.143316320057973456e+00
4.838743657347256422e-01 -7.468361122576112621e-01 1.907838454371744596e+00 3.129938584075983576e-01
-7.355473883704687355e-01 -5.930592009973928436e-01 1.354594807741647644e+00 -6.643347256501065390e-01
5.546285244319936192e-01 5.262910839115811923e-01 1.439214676894734479e+00 -4.475888584783750956e-01
-1.431893349811945715e-01 -7.383289053736040719e-01 1.197417713051001975e+00 -2.180800355935816615e-01
-9.625422447027199846e-01 -3.692402987367001677e-01 1.068000294846658260e+00 -8.526997240937810307e-01
-2.158548672916436040e-01 -3.281454042127985860e-01 1.262961017513093420e+00 -1.304051733337510399e-01
-9.323494408386023835e-02 -8.118115812476673909e-01 1.064116263113508376e+00 -1.986765766388088050e-01
3.154910975828565389e-01 -9.422738213694006326e-01 1.783651392785598810e+00 2.894595828853810948e-01
-3.943893593216528659e-01 -9.094601736665872682e-01 1.572483631932274806e+00 -4.186575054768854609e-01
-5.399076290319582139e-01 2.794614612094438177e-01 1.193466899073550636e+00 3.015123343261827404e-01
2.366024306985305969e-01 -1.421874685643418346e-01 1.889785600973545865e+00 2.894514526654516640e-02
-9.724938949541392930e-01 -3.518419537634797090e-01 1.436263884364504362e+00 -4.535048479649342323e-01
7.897281399358970777e-01 2.949622701325457230e-01 1.024801682198854147e+00 -7.224590344277971310e-01
8.732276889293849598e-01 7.984869637410393350e-01 1.623027885152057648e+00 -8.700563959103142508e-01
-8.996092051293500536e-01 -1.326067084394323414e-01 1.496215703869012259e+00 -1.466700014109226791e-01
-9.933593481168261352e-01 -6.348694860940977680e-01 1.825512574857404369e+00 -5.164306501207697186e-01
8.433939183004570683e-01 8.293240045043928088e-01 1.707853664868206778e+00 -7.856698954476026842e-01
9.222518906242249681e-02 2.443889086132866595e-02 1.420520310358484251e+00 -3.382059770648480554e-03
-6.941730076900172186e-01 9.356636484120299802e-01 1.307263397563371621e+00 1.066191769455260285e+00
-3.326269244571342654e-01 -8.425839236087886430e-01 1.453100261718508257e+00 -3.853806569755837130e-01
-7.540634707265759795e-01 5.544880677106553968e-01 1.072450290947468243e+00 1.014131853762652913e+00
-1.616132005773208702e-01 1.927757433229158046e-01 1.314743890578249808e+00 5.321149856176009274e-02
-9.782133820718258432e-01 -8.843770360810717657e-01 1.188752267618692571e+00 -1.672930607160261873e+00
6.029419466879071265e-03 -2.337759837423354359e-01 1.876236298534916802e+00 1.201942003678932057e-03
2.892180292458805813e-01 7.616796686045691489e-01 1.761989176051091732e+00 -2.192089615268035807e-01
-9.776379018104373042e-01 -1.056038587791935379e-01 1.858028485396552520e+00 -8.172697707411163970e-02
4.046925931700561252e-01 8.703098985048763891e-01 1.546723262227640561e+00 -4.602950518253998147e-01
-1.519561128549240525e-01 -6.530345202082334932e-01 1.236694368586027437e+00 -1.917348559008270614e-01
3.058173135701287570e-01 -1.494759714278878215e-01 1.177486980982328735e+00 1.020307973261306428e-01
-3.266920945903230011e-01 2.393219388825458260e-01 1.874997730712368416e+00 6.460701436579242840e-02
9.482898332168460120e-01 -3.706686905505341967e-01 1.874578557972087278e+00 3.315204499880536892e-01
9.087245351906958479e-01 -8.517020071812377857e-01 1.671852352666759689e+00 9.137355479725792762e-01
7.085445984225571259e-01 -5.157142530467797581e-01 1.572414042349370655e+00 4.771775541404355558e-01
5.795463510447507183e-01 2.932074907604056424e-01 1.493380191956463321e+00 -2.426453100647236738e-01
-4.047851834224126533e-01 8.750837682408663110e-01 1.188335839122169002e+00 7.232425715310286662e-01
4.755803187941098908e-01 3.814366027996947128e-01 1.850896146228344641e+00 -1.667880257534674893e-01
-4.333308857768328748e-01 9.300866951674978678e-01 1.914304337509786347e+00 3.162418802315275501e-01
-9.238175557031679253e-01 5.272876260949534988e-01 1.760484773840517825e+00 4.316344114501132756e-01
7.030187901644634474e-01 4.387180531685712648e-01 1.378870439594748643e+00 -5.234615874514053635e-01
-7.199004520264484785e-01 -2.208641481428956777e-01 1.431326192320772073e+00 -2.171955564335029953e-01
-3.730086976232143137e-01 -4.216740640927257866e-01 1.775287351988316553e+00 -1.443361254757939138e-01
5.276957638963321040e-01 7.736772195857418710e-01 1.748385050818005215e+00 -4.229946404144320216e-01
1.727413172762058968e-01 6.452516956992736530e-01 1.818859507447770252e+00 -1.028527573661527222e-01
3.468409100820406543e-01 -9.363468309508720111e-01 1.750366576209263281e+00 3.294282427315408102e-01
-9.553718341090685628e-01 -8.755712466412969297e-01 1.819386664125462794e+00 -6.920031042874419391e-01
2.507936712971758908e-02 8.940496768639958347e-01 1.883942323729166812e+00 -1.900005349347566597e-02
7.700000631070778034e-01 -3.765861916797914599e-01 1.765808909405814697e+00 3.022646099397027220e-01
-3.690607408625327102e-01 -7.962308291401010152e-01 1.540620160593609178e+00 -3.582015995500720806e-01
6.121596008363431318e-01 9.301264592114572016e-01 1.235341926913313682e+00 -1.192306353744804426e+00
-6.258466373507952651e-01 -7.950202236721707338e-01 1.424352828509216629e+00 -6.924184732772974415e-01
9.313644699895941015e-01 9.207585744586498366e-01 1.861490466674935007e+00 -8.186968364450710745e-01
1.080221463715659302e-01 -5.533699170547159429e-01 1.040770910426021434e+00 1.673617379683466078e-01
2.082955301952503779e-01 -9.485841469835080142e-01 1.557383398872071556e+00 2.495902915728709648e-01
-9.670593419382877975e-01 6.180675677852762728e-01 1.416783928613342347e+00 8.145409028104999560e-01
-6.020269524059155275e-01 -5.090135249339902135e-01 1.033069160144841181e+00 -8.124914768416755528e-01
7.765238783383247023e-01 -5.789324253746523929e-01 1.138871802883893114e+00 1.127352249033279685e+00
-2.992984321307370355e-01 -1.465502151035891210e-01 1.541480182021687462e+00 -5.376858692814778101e-02
-5.883165777349301795e-01 3.592466209072499028e-01 1.494260868694252231e+00 2.681916599053041916e-01
-4.117711263714851633e-03 -5.186656418400114044e-01 1.098070496442935529e+00 -5.311600292007647751e-03
-6.704357071007380764e-01 -8.423191194143708760e-02 1.965451356306725961e+00 -4.110061278719313177e-02
5.717762719785124403e-02 9.083081032718194336e-01 1.548711119004195336e+00 -6.533261753550423379e-02
2.996329169546968485e-01 -1.441921740197192880e-01 1.514824524139513295e+00 5.822904166861654629e-02
6.188386200846418550e-01 -6.914063909103539407e-01 1.765241763198546643e+00 4.391036618947530279e-01
8.484347635444627889e-01 3.021756240175548225e-01 1.032180141455276479e+00 -7.888469647668352458e-01
1.778764210613448249e-02 7.451054849291768312e-01 1.426644776879252952e+00 -1.957036347152299460e-02
4.642401818370175404e-01 1.916387060117167307e-01 1.840914661582865541e+00 -8.258945404022624559e-02
7.053437000537068347e-01 -8.413614372434279343e-01 1.519608092975238911e+00 8.294842011743566168e-01
1.543021114364473423e-02 -8.211462884432553233e-01 1.438777763493384931e+00 1.839064100007859262e-02
6.231277549309639507e-01 -6.656149829653368322e-01 1.083556240374077273e+00 1.130213591072702028e+00
-1.371425221687423424e-01 5.719860234860941750e-01 1.990622708497389537e+00 5.858485282867053473e-02
-5.685371335251120373e-01 5.965966138707464728e-01 1.481374491460645704e+00 4.387491343122773002e-01
5.050628672382270201e-01 -3.320403076164460954e-01 1.248877344157146574e+00 3.397236912763275107e-01
-7.804763860785205454e-01 -7.640239546008391613e-01 1.114373800403581694e+00 -1.336251664107906745e+00
-5.390300925864092152e-01 1.007335156588845537e-01 1.026160390691018609e+00 1.467834593052236847e-01
-1.136064949000625823e-01 -1.695853462785910093e-01 1.183565749703763270e+00 -4.079640628644266853e-02
-9.621442987364261512e-01 -7.893526644396123837e-01 1.913281951423497773e+00 -5.677786799826775033e-01
1.971737884059638901e-01 -8.499610347952546441e-01 1.184827972026519127e+00 3.653486874439302867e-01
6.039825942558960659e-01 1.814623759254372359e-01 1.407446290195646821e+00 -1.766545374105755462e-01
-5.671664270868654878e-01 7.802939531525482364e-01 1.209314809805888569e+00 8.591178075294191308e-01
4.148740463753405328e-01 6.409833690764209502e-01 1.740757588140784851e+00 -2.746691384527345514e-01
-4.919231013307744371e-01 8.523942640016813899e-01 1.538848099572760697e+00 5.063051995374611147e-01
-5.794663909202263374e-01 -2.110490885771043601e-02 1.704462981662492549e+00 -1.193696931547462078e-02
-5.698525585154986528e-01 -5.075390496941812879e-01 1.236236634703662629e+00 -5.371320555282236286e-01
2.884066897254412565e-01 5.331861236280192040e-01 1.923599287758203769e+00 -1.283765559209524565e-01
5.567076779653912233e-02 -7.930696460650366042e-02 1.020336982582126906e+00 1.279372593759013632e-02
9.234874373567499850e-01 5.514954751365038765e-01 1.251600830974350931e+00 -1.074591748535512536e+00
-3.500334100793648373e-01 9.732360868995060255e-01 1.778351721907246219e+00 3.122280281697208393e-01
7.606697614657502715e-01 -5.337656392120376792e-01 1.222398325866470348e+00 8.822710660573135355e-01
3.445813147133393040e-01 6.144067475930026223e-02 1.273604764340191764e+00 -4.055351418986047340e-02
-8.192628954155312115e-02 1.645510901403890447e-02 1.582456520025024460e+00 1.601910376214101548e-03
3.499107609331600921e-01 -1.884154339031907099e-02 1.870084015219255935e+00 5.860591658871443579e-03
7.347208706332252204e-01 9.898392454441441446e-01 1.635652645190416976e+00 -8.801721688897672369e-01
5.285055771799586077e-01 8.654879128941672661e-01 1.599084491742310377e+00 -5.665920880848100971e-01
-8.702433142517281839e-01 -5.232612933578528747e-01 1.813015177835492597e+00 -3.823300341181776751e-01
-4.865738338856926415e-01 2.993822020566043740e-01 1.631622417800158820e+00 1.565391737800878313e-01
-3.351055463140936164e-01 2.029371327474585041e-01 1.093487722973261134e+00 1.650903360841957934e-01
5.413532167340918688e-01 -9.548870545123486764e-01 1.704176800734232611e+00 5.645412447436584102e-01
-2.035416741137289209e-01 -6.487494453313595866e-01 1.209390917441564017e+00 -2.654405377189221760e-01
1.662776167003410244e-02 9.347921971458916790e-02 1.002197146747403345e+00 -4.650359588585815246e-03
-4.504204606468376060e-02 -3.955969760978539362e-01 1.957548616385585749e+00 -1.388722448901382259e-02
-2.512649944725715567e-01 7.054433122583338989e-01 1.353148146489207670e+00 2.833004141128691589e-01
-4.443299363231882904e-01 5.010608384223040890e-01 1.914110015743982540e+00 1.745431926909800091e-01
3.908394252074541830e-01 9.288916698636887626e-01 1.566989923800137685e+00 -4.616010950426920889e-01
-4.889232205093174688e-02 -5.524568076959803786e-01 1.968522012041491909e+00 -2.080949325556679871e-02
5.925191584791152932e-01 -4.067678322740779784e-01 1.468131059924412174e+00 3.565884376428193336e-01
-1.552147717137399852e-01 4.975188098853888796e-01 1.252037210817719348e+00 1.455258768155712756e-01
9.594140460820397287e-01 4.354952528056984518e-01 1.015521323557496025e+00 -1.344423449125839332e+00
3.963242517762041173e-01 -7.845386348151210942e-01 1.845220163548139336e+00 2.852675463712316950e-01
4.949408149754964681e-01 -8.902447262932661198e-01 1.181348615732332963e+00 9.964900223624538755e-01
8.839683158958799858e-02 -3.020059857577725992e-01 1.612758625845866156e+00 3.106639441600603235e-02
7.148915794456253137e-01 -2.902041161504143041e-02 1.479598236195441174e+00 3.061895857706064053e-02
4.582292698383971796e-01 -1.084427547909863065e-01 1.182773917041100686e+00 1.116791676196625532e-01
7.625612365751516242e-01 -2.861059407609318761e-01 1.057255133703865591e+00 6.338867555022413836e-01
1.833906952477992736e-02 -7.891115272831725758e-01 1.451274608152763435e+00 2.065070736624839004e-02
-9.111650631212088181e-01 4.007361740319790311e-01 1.250726431303698760e+00 6.417724652127242413e-01
-9.961919101921441477e-01 2.030682808838764064e-01 1.004610366498473795e+00 5.468506545016423859e-01
-3.041860873869258741e-01 -2.028031188751130420e-01 1.030531179215571136e+00 -1.691216728460175345e-01
-7.500237190986409619e-01 -4.139726545123058044e-01 1.630178285276492556e+00 -3.260530572100316937e-01
1.811391228931240605e-01 -7.134426903448229940e-01 1.950213750900028131e+00 1.038166648064312442e-01
-5.700480951476043501e-01 7.537190144948412440e-01 1.050520033486456395e+00 1.104985512497043354e+00
-8.503300547368930484e-02 -3.928443450335827869e-03 1.763197423594514035e+00 -3.196318739325062401e-04
-3.959973862932979483e-01 -1.764182295326466310e-01 1.913356597445245111e+00 -5.506796598269951548e-02
6.662301717985363858e-02 9.505140635527722370e-01 1.087466714292216086e+00 -1.617242833422811998e-01
-2.271724632918427078e-01 6.750186701766347497e-01 1.704470059112337177e+00 1.548311693657885013e-01
-1.478655817850049736e-01 -6.257625504190422738e-02 1.473837592546031194e+00 -1.259284780068838962e-02
3.217359670449004838e-01 4.013215622559174189e-02 1.685946348736647060e+00 -1.408083457726239454e-02
4.844360650188112016e-01 8.494642633096469719e-01 1.534341240564689901e+00 -5.510923560929374965e-01
4.302917301083654111e-01 -5.242071409349619016e-01 1.413338484694803387e+00 3.539941773348332932e-01
-5.444256636559211548e-01 -2.524557520592196624e-01 1.197325280071513731e+00 -2.727708018334520923e-01
9.616428715854241638e-02 -8.973877566685214413e-01 1.286216237046470923e+00 1.580097217488949657e-01
8.360583491750770424e-01 -4.503890519669252468e-01 1.248075649440299362e+00 7.913735538831597749e-01
9.775180729725712059e-01 -8.984311403525772066e-01 1.569363925190772058e+00 1.185652702338030995e+00
-6.022007115511269770e-01 1.234991144338457580e-01 1.704136331786329173e+00 7.246389426435469183e-02
8.821371289846127173e-01 7.505221686627195909e-01 1.433055829805538472e+00 -1.060722068766518422e+00
-4.964022589990920720e-01 -2.280415810438254365e-01 1.676169061039484820e+00 -1.151576890462169822e-01
4.836851771707215697e-01 -9.208193042796092298e-01 1.414643004200307530e+00 7.016102658393335023e-01
2.771346504669960353e-01 7.707144792104032582e-01 1.406316983938259213e+00 -3.332306095365764609e-01
-8.588133933502990480e-01 2.233625723323032775e-01 1.021704293076274084e+00 5.076888898671894079e-01
8.792810145163775237e-01 -7.969781080306870269e-01 1.159190856367662059e+00 1.715364326576259035e+00
-4.466417336078563061e-01 4.748397677646021275e-01 1.611876619727686588e+00 2.344160515378585496e-01
-6.681742121536162760e-01 5.893955550019538414e-01 1.698191810429057202e+00 3.840203488141473720e-01
-5.309370551001518779e-01 8.343024871862781966e-01 1.450549938147134732e+00 5.997295430179359066e-01
4.457270277527115576e-01 4.266209287204965062e-01 1.133557103359212448e+00 -4.646735262094550678e-01
3.503468389148315376e-01 -9.294958107070162567e-01 1.027027550995340821e+00 9.598226689417888036e-01
2.523154332806384348e-01 -5.487943539929066583e-01 1.516701633299682328e+00 1.852562757661188886e-01
9.281202956318138630e-01 6.821023758031117268e-01 1.674894833297003949e+00 -7.462815728427203421e-01
-6.349504947985507020e-01 -4.797173793994855551e-01 1.934916886884962661e+00 -2.295019980044744612e-01
1.795488809055927337e-01 3.626306966715485691e-01 1.761799048693849734e+00 -6.408027119199143085e-02
2.746845985701904524e-01 -5.795755491958837213e-01 1.884119167241689041e+00 1.383391775387703415e-01
-2.157786230108432735e-01 -1.773615156759633660e-02 1.486639753721584745e+00 -5.085177379921207962e-03
-5.660418608788093664e-01 1.422187971942536766e-01 1.409708233910344166e+00 1.150154032191282732e-01
-5.509592862134587987e-01 4.926249373079634175e-01 1.512454241321701254e+00 3.373655395709297400e-01
-7.341886929615094592e-01 4.975446986427336515e-01 1.993449551288303923e+00 2.569101872296619127e-01
-2.447912888910754869e-01 -3.101622852822938370e-02 1.091427417005207179e+00 -1.866437140780651677e-02
-7.719205263660284810e-01 4.033258330609382769e-01 1.691010314026485606e+00 3.032244591899921904e-01
4.621801246194960910e-01 -1.743493440406392869e-01 1.014262141138668305e+00 2.463787748146998857e-01
-7.688327049730947493e-02 7.488132241369870323e-01 1.656739985641745072e+00 6.244413780319022639e-02
-5.141413489821702321e-01 5.721292564611021314e-01 1.593615029775337089e+00 3.304892203489305236e-01
1.716299041621208721e-01 6.917985342032844098e-01 1.036989732343613468e+00 -3.370260246648559832e-01
5.988692077456093665e-01 -8.902985896070864102e-01 1.026903074658306325e+00 1.613429228756579681e+00
-4.673254713830586882e-01 6.123542030715923845e-01 1.976030084733216174e+00 2.100489802481786961e-01
-1.153731808408746673e-01 1.793730535089420597e-01 1.982998736559222541e+00 1.560833356350323914e-02
6.931447675560985511e-01 -1.462817995366633150e-01 1.488153021544763810e+00 1.475833481365637356e-01
7.649149234338623593e-01 -6.379858370921004385e-01 1.964248548084624124e+00 4.108768232629377848e-01
-1.961263642412613972e-01 6.447018588498795166e-01 1.623768357518371008e+00 1.411018790880534668e-01
-4.673616869454932932e-01 -2.756690246419277734e-01 1.670307672712419089e+00 -1.323524998123546681e-01
-8.232098346034821823e-02 3.396809118259560556e-01 1.947659759018092629e+00 2.193391950101137092e-02
1.280598269990671501e-01 9.465964982202130784e-01 1.663252348546900627e+00 -1.331619829098377172e-01
5.037536665959266857e-01 9.902042406716251577e-01 1.378199146547572695e+00 -8.296374191697412082e-01
-9.235810730687662451e-01 6.034774846777901658e-01 1.553689425415641479e+00 6.341089668145931668e-01
-1.058895437415685592e-02 5.514654988377214462e-01 1.344996134117465214e+00 9.673663525899257182e-03
5.681417179028631637e-01 4.524967610866033052e-01 1.126725667260831010e+00 -6.441095931546125808e-01
-3.938566139599396498e-01 -7.019538364939958974e-02 1.047107261554191870e+00 -7.277946948382835179e-02
3.700212049883265797e-01 1.160344677070492825e-01 1.068174274941601887e+00 -1.172263714232653214e-01
2.205966734492139647e-01 -2.043781889225928516e-01 1.152512088602283047e+00 1.041241390783509968e-01
-6.260057125883740081e-01 6.194109045554055948e-01 1.597058472010382868e+00 4.292069234224626384e-01
4.854757624397163518e-01 -1.197253997189888786e-01 1.846790065031041372e+00 5.373446966545803588e-02
4.371681593759039197e-01 -3.601074385057598803e-01 1.367364044049232730e+00 2.641478256672608049e-01
6.536414941383639210e-01 3.923526970043277329e-01 1.051837059868065083e+00 -7.440431771174506048e-01
-9.179342749245897881e-01 1.595421175003719494e-01 1.038151961670369605e+00 3.733755363985209463e-01
9.999555138005316035e-01 -6.878347762941662280e-01 1.083928317190837376e+00 1.951372962301614278e+00
6.536127402316712631e-01 5.546362595148139896e-01 1.116662852194786115e+00 -9.331728882943821635e-01
-9.757560864776785303e-01 7.459978861644785963e-01 1.622170891202804777e+00 7.560882089460364552e-01
4.039166079177918256e-01 1.680430204496899949e-01 1.783989675504805028e+00 -6.667373085189673421e-02
-5.248021370889744963e-01 -6.122227083085572952e-01 1.568850282541651264e+00 -3.720911522740367738e-01
5.680707683051874346e-01 6.044411892335832537e-02 1.339231829861772027e+00 -6.089276418678023911e-02
8.805561195901797644e-01 -1.635804370893492177e-01 1.281528611740183621e+00 2.885258239676673497e-01
4.904064307700860548e-01 -9.937750944998517966e-01 1.611227002302038080e+00 5.922295873255725152e-01
-2.067262025680819404e-01 -5.822775602365484193e-01 1.781482589020050966e+00 -1.114800631393445957e-01
-5.115586409934093082e-01 -1.199047359074496555e-01 1.583946179221615846e+00 -6.977583748192889290e-02
-8.407472843585722666e-01 -3.495124399454807573e-02 1.733284606053993038e+00 -2.706763961707421909e-02
-1.859356055322116674e-01 -4.821524839596381673e-01 1.155422471551971420e+00 -1.977815061664750518e-01
-8.898061347618816397e-01 7.859431934304494938e-03 1.253372188298182976e+00 1.226387038340857188e-02
9.017311368350700018e-02 4.392799550560658739e-01 1.371606628771692371e+00 -6.374035656115148440e-02
2.707167189797268225e-01 -3.433303149509659979e-01 1.099076049014281020e+00 2.372532378882420412e-01
5.305438732827940651e-01 -2.986983333595585322e-01 1.892825842779211065e+00 1.401293179024506175e-01
8.647981851667466691e-01 1.727211562091850450e-01 1.054172464851053093e+00 -4.414078762409205936e-01
-1.981752228350222023e-01 6.288491269071856404e-01 1.118219266787716659e+00 2.931842667452862483e-01
-5.419336271822825513e-01 -6.899812799047737588e-01 1.236963506030888560e+00 -6.954575260686033378e-01
-1.534919070374837213e-01 -4.031827145965422021e-01 1.317083613374676609e+00 -1.054062884616668722e-01
9.609999432714916301e-01 -7.907865736919782451e-01 1.063081366006861650e+00 2.231775487008449854e+00
6.033479583873935237e-02 -9.186814414236255111e-02 1.303529707021715112e+00 9.845559993601434023e-03
-7.335102007403749846e-01 5.619028395963644451e-01 1.279895894465647554e+00 7.032302987108736136e-01
9.362896606185520110e-01 5.500167040481407366e-01 1.063487279058973334e+00 -1.507081521183864181e+00
2.879091982051140697e-01 -7.223126069957245265e-01 1.373233842524326676e+00 3.406436205067147061e-01
5.605422206646896166e-01 -8.641630540036496777e-01 1.021058610654973720e+00 1.476647677506594869e+00
6.695473103414720795e-01 9.623207738401015066e-01 1.814254273901318770e+00 -6.293951047939626564e-01
4.965148742556155792e-01 7.267489505114769210e-01 1.637856595462547027e+00 -4.246227749935625462e-01
4.545613354772596315e-01 7.294311493005249947e-01 1.814481571379976010e+00 -3.165169976857517553e-01
5.283816551548858875e-03 5.142324728888164609e-01 1.169497418096888008e+00 -5.962926867744233576e-03
-2.158143279329604036e-01 7.578869962315937236e-03 1.740908824305622549e+00 1.584823637694546001e-03
8.653957470465811763e-02 4.754864978451178725e-02 1.103906349402630882e+00 -1.021843673469704367e-02
1.503827926214229560e-02 5.210311532205517127e-01 1.558484515194793918e+00 -9.692408369789776504e-03
-1.806173112003484071e-01 -5.712240999026922950e-01 1.263258545975505243e+00 -1.905147244665077177e-01
-3.626088287391058262e-01 6.960722630830125102e-01 1.187690091162017403e+00 5.180105278042748118e-01
-8.275046191521712169e-01 8.915198964370241175e-02 1.336364966796690368e+00 1.144574799812703714e-01
3.470929766341686040e-01 -9.101933883530247682e-01 1.018004699485091091e+00 9.474211339805553855e-01
3.962169895015226206e-01 -3.713711797911928292e-01 1.111052524924560636e+00 3.723497148609223872e-01
4.559066864831351484e-01 4.512361839276920472e-01 1.579504305233051520e+00 -2.591939316481548516e-01
-4.518494513443089833e-01 -9.828955978582288866e-01 1.319749115064951184e+00 -7.318911564267872594e-01
-2.940087391744493628e-01 -1.795248574543412134e-01 1.446362957663465565e+00 -7.353040718331206593e-02
-4.775364480380884791e-01 5.782909595474045039e-01 1.128710243127942547e+00 6.206547301378609882e-01
1.632722309537478766e-01 8.257935483625055140e-01 1.591658931206457517e+00 -1.623134069743730756e-01
-4.042309636096019787e-02 -8.790761405374666326e-01 1.526862551064084528e+00 -4.554339729459194741e-02
5.336084340471369813e-02 7.912195653242146687e-01 1.416153900453100523e+00 -6.349560847372791306e-02
2.066734734654530614e-01 -4.425557634740056034e-01 1.753236111151442511e+00 9.115131638608998943e-02
-8.016343448038422137e-01 5.443140367658036993e-01 1.705225465642818516e+00 4.167676617489486923e-01
2.673591183240514590e-01 1.960369944481802351e-01 1.329036362598361665e+00 -9.146393139628095081e-02
6.688747225640886418e-01 -7.834438074730354362e-02 1.628137682647263107e+00 6.355615485078838778e-02
8.552372532146480522e-01 4.100952232216930060e-01 1.422549173622720708e+00 -5.685721164130881355e-01
-5.441022116448250845e-01 -1.090246082948740369e-01 1.901996338479572390e+00 -4.665490620386245069e-02
-5.141924547742019458e-01 2.411823714333678481e-01 1.360908482126190755e+00 1.910551510838963685e-01
-2.629010265461884099e-02 5.861484131253547059e-01 1.529848234213952551e+00 1.970081372185673863e-02
4.215575796427464272e-01 4.456215375087578812e-01 1.795315252484258384e+00 -1.825441820267490189e-01
9.063894101508267465e-01 -6.368212211125113820e-01 1.780983626620645133e+00 6.003401623162654133e-01
4.708498071357379855e-01 -5.692069696728618844e-01 1.049629539575213322e+00 7.658568474289052519e-01
6.046274954430729265e-01 -5.618831683842153701e-01 1.042343787688633006e+00 9.984336326186624699e-01
-1.951912994723968842e-01 -9.801256550431501902e-01 1.651344870846219060e+00 -2.064393696708526904e-01
-8.012165148671676063e-01 7.682260493915024080e-01 1.323383226585085559e+00 9.761493134438430364e-01
1.694474873355333866e-01 9.320022181896860936e-01 1.210843630339891952e+00 -3.287148192163940053e-01
9.230343869412971358e-01 -8.287027212987641001e-01 1.136840700410848726e+00 1.956131213781963973e+00
6.728244396768434665e-01 -4.166326909562649838e-01 1.450936318322342933e+00 4.282816845649696225e-01
3.226274624772651478e-02 -8.565545061687821482e-01 1.226858920024492816e+00 5.525756712587554659e-02
-8.979738601391765718e-01 7.524320876541141789e-01 1.600809963393397428e+00 7.258166691098494328e-01
-8.255837356597024446e-01 -7.975158335866456838e-01 1.129634142799491148e+00 -1.429864069923730385e+00
2.821083808411950500e-04 1.724145576759482656e-01 1.890767444654366525e+00 -4.081757461930614973e-05
-6.361300042427395773e-01 6.407537444184060460e-01 1.925136007012521855e+00 3.102071594329670057e-01
-8.536122676983244340e-01 9.085655158104711804e-01 1.982479508291956849e+00 5.454393108719157723e-01
-2.002290155623730472e-01 7.762461279090580035e-01 1.837544860935224511e+00 1.353823006003210261e-01
-5.588625217940353940e-01 3.083989852573953971e-02 1.427722696861011498e+00 2.402339148392659482e-02
6.314723978178483632e-01 1.899282120140509678e-01 1.496927196526362858e+00 -1.713927346253305006e-01
-9.968756926138477859e-01 9.362274981086082803e-02 1.004928303473405560e+00 2.521181906649518911e-01
-8.793678385099905626e-01 5.766765881853156417e-01 1.300399521448288409e+00 8.269264628922428084e-01
4.023149761886395392e-01 -8.253900523513356680e-01 1.384951085685469430e+00 5.411420983323256273e-01
8.577936802396814997e-01 3.244472896869843304e-02 1.005269114968880384e+00 -9.037172033503247659e-02
9.451923842772287365e-01 -6.471895414360596677e-01 1.783606168281156368e+00 6.370826828189781743e-01
6.658367888934546563e-01 5.897825791550308505e-01 1.809005012905615439e+00 -3.856790521588769893e-01
5.478753794545698774e-02 -2.425315660652812566e-01 1.318408018390034186e+00 2.305990816401365384e-02
-9.052715790193177625e-03 -4.569952336976907947e-01 1.550310808275555674e+00 -5.159187182562243942e-03
4.727626808857139373e-01 9.462203156292129380e-01 1.655951448625690769e+00 -5.136822124445015181e-01
-3.291589257322534712e-01 -7.546613500607867175e-01 1.453529626267454411e+00 -3.414807789029031815e-01
2.859005214920002924e-01 2.858784097481937847e-01 1.363440771847493238e+00 -1.357820807315367750e-01
5.020695837032311815e-01 6.591881307378311128e-03 1.084875457689876921e+00 -8.881898231099817284e-03
2.711066376330353300e-01 -7.595382891172166584e-01 1.511913516420526626e+00 2.777753702005124614e-01
1.172985911578152685e-01 -4.373748352895826530e-01 1.394557388761473726e+00 8.007913743598582546e-02
2.067801409466759610e-01 -9.778230217260558410e-01 1.408916534127681697e+00 3.120285289692943942e-01
5.608147597681338858e-01 1.196650589758133654e-01 1.990824304187874816e+00 -5.381553621322787001e-02
-5.055930182891530400e-01 1.148113719409193934e-02 1.953979334241244592e+00 4.341569170268404394e-03
7.900093142767886656e-01 -1.412695278578712799e-02 1.593156026290606153e+00 1.432274130326588284e-02
-5.050444653836796416e-01 -6.394721412546630068e-01 1.725999532425405381e+00 -3.095945147982139822e-01
-6.846486293854427974e-01 8.773623646420667388e-01 1.616897600771459942e+00 6.451232898425658391e-01
6.555367705423662539e-01 1.832315385893171777e-01 1.925046710907534653e+00 -1.040594765299765190e-01
2.566013056648817070e-01 9.741897819162492755e-02 1.665528207559918039e+00 -2.774656515398668533e-02
7.289756402214183639e-01 -1.588727703754775344e-01 1.608398658134460479e+00 1.448667152794975432e-01
7.500699650980757749e-01 -5.136278965445854050e-01 1.622184311986135663e+00 4.748241414683769812e-01
-2.663375653937702925e-01 -1.882975769698577162e-01 1.277522459330506344e+00 -8.979368273378761367e-02
-3.177960882923978048e-01 -2.070410358884282598e-01 1.894394477772050056e+00 -5.330874459233123086e-02
-4.568533644534610305e-01 -6.690478872895586626e-01 1.392152339798994110e+00 -4.524605766211082236e-01
-5.829158517687108576e-01 5.695273212663160001e-01 1.952679385020506864e+00 2.468166523944302082e-01
8.745366442666976381e-01 9.365924902551771014e-01 1.757958672284654522e+00 -8.713200145427331123e-01
4.697861322989308475e-01 3.169024655580352512e-01 1.934709083129740659e+00 -1.252025221017425416e-01
-1.966136056322352887e-01 5.037559020283762790e-01 1.758439788380131485e+00 9.424189352328334046e-02
-4.133989801278670217e-02 9.082970433569397262e-01 1.055243902482933649e+00 1.007444627613136440e-01
-9.308428173540896911e-01 -2.985967616294488147e-01 1.121485497508276197e+00 -6.065152526541760514e-01
3.805060269473755641e-01 4.310212798164976267e-01 1.280802444013320551e+00 -3.117920121807555844e-01
8.451660923551951310e-01 8.182289861590583691e-01 1.992152260008433817e+00 -5.710086061720893724e-01
9.868751612848054577e-01 -9.547505710526424938e-01 1.271063694961858559e+00 1.941169168867445061e+00
4.088065862943662809e-01 -9.492571195065869771e-01 1.186702236994042092e+00 8.619197473067281567e-01
-5.246571730602272998e-01 9.008622955722633829e-01 1.763769619480300310e+00 4.330754910303077909e-01
-6.616992290012346789e-01 3.343134529785762865e-02 1.973641174852976521e+00 1.597985800225746808e-02
8.614265379527602517e-01 4.768433044708297874e-02 1.118804404356568361e+00 -1.077279631318550507e-01
6.917538345515682474e-01 2.574979148630743842e-01 1.154219722091887945e+00 -4.309250144295468377e-01
1.599844416145983494e-01 5.418906078051420883e-01 1.703567694136652211e+00 -9.107434402945678575e-02
-9.781897955716319926e-01 6.918544316805164129e-03 1.043039659238107042e+00 1.699913142087023515e-02
-6.683287601122608335e-01 -4.842959891106685122e-01 1.561689887401572552e+00 -3.731954074664208254e-01
8.464908717435636332e-01 2.465774639184633577e-01 1.399954347331639370e+00 -3.490451030306992997e-01
-6.410054447146983359e-01 1.529101411100164398e-01 1.170421234488679740e+00 2.017215107238637950e-01
-3.943725444347651043e-01 -8.493020676242185596e-01 1.891984873934383637e+00 -2.700576662428377794e-01
-7.703909809304164691e-01 -4.032294150354409634e-02 1.635363589158385755e+00 -3.235374312090219528e-02
4.092224901854004671e-01 2.831097943733588140e-01 1.765392206882875126e+00 -1.162784988542901188e-01
4.106743590187295068e-01 -4.831329691290044970e-01 1.207946184052187233e+00 4.254046945179341122e-01
-7.157830398058906418e-01 7.435547279113275954e-01 1.912827495901102459e+00 4.072302905131255923e-01
-5.252088531347294253e-01 -4.868186951891552150e-01 1.818152572145129930e+00 -2.204596781811295481e-01
6.689331523145913838e-01 -6.865946807933247520e-01 1.550697213277631104e+00 6.140717180351705773e-01
-8.062920476782065027e-02 8.453317093625821732e-01 1.600373476706816289e+00 7.919731547125775928e-02
9.572289479434463733e-01 7.815002998687859970e-01 1.226580021916952479e+00 -1.649578238154041587e+00
-2.703124548158098994e-01 -3.323552081653413648e-01 1.782036390216246380e+00 -8.263670783216557625e-02
-8.013338815626643852e-01 -9.839620434509946945e-01 1.883058931459607788e+00 -6.176008597593212190e-01
-4.118709321691519376e-01 5.021084532024008285e-01 1.787025867436196958e+00 1.865904776488039596e-01
-2.617758427281676736e-01 -1.991921422945276410e-01 1.968975595661380140e+00 -3.932057256088310887e-02
6.420369069997107214e-01 8.614651397037147440e-01 1.888407175556626072e+00 -4.972174299497100769e-01
6.760467085070552828e-01 -9.983334671776989966e-01 1.064249737474934676e+00 1.917283765555357622e+00
-6.630502119824155383e-02 -9.446240763010683716e-01 1.854243545944663341e+00 -5.429040050860026168e-02
-7.868810628789985051e-01 3.335992573487536195e-01 1.036664902538093624e+00 6.793330484950056425e-01
5.847581668654633358e-01 1.337179802585148902e-01 1.787558410357920735e+00 -7.797141144563672632e-02
-3.896432315332675200e-01 9.529864742578276759e-01 1.510544035947127828e+00 4.699024532100052332e-01
-2.093555047788269174e-01 -7.692594358336977134e-01 1.542649968315500608e+00 -1.988590477575580551e-01
-7.799996593493869756e-01 -2.172233754777854742e-01 1.983341349147371702e+00 -1.198694592400908476e-01
-9.353736933732536007e-01 5.831256023632297447e-01 1.660401538626228746e+00 5.427609987732708863e-01
-3.706619308830571002e-01 -9.671831110893877037e-01 1.936625623817656017e+00 -2.765095389846879415e-01
-1.253401835140914855e-01 6.195581858367070760e-01 1.952676373381464270e+00 6.034252987651099465e-02
-2.869514941854490742e-01 -3.002887031169991783e-01 1.200012297694589058e+00 -1.745061166472816061e-01
9.299423972934209859e-01 -4.755639387190083722e-01 1.668293445178592682e+00 5.255708699033093678e-01
2.326534617215361145e-01 -5.467544838831394083e-01 1.782195400072700275e+00 1.230087184065832978e-01
