-5.149674171657652177e-01 -6.189033813161608499e-01 9.544859266681267052e-01
-1.432399145236774585e+00 1.329376996756362894e-01 6.681896821809978348e-01
-1.486016514817926293e+00 7.818553031474972936e-01 -6.457328377263720220e-01
2.196729057297089671e+00 2.556835917270693592e+00 6.574255240864038008e+00
6.019009470806362394e-01 1.463491317768538025e+00 6.974065754557789987e-01
3.631339057449146646e-01 2.477867619367637442e-01 5.509241785783105527e-01
-1.851138801362877118e+00 -8.082731296724782188e-01 5.928626120392977983e-01
-8.860355562295936238e-01 1.202933466863090883e+00 -1.439305191684785878e+00
3.336812150689635326e-01 -1.783150298816449375e-01 6.474191921430476615e-01
-2.491651905942650069e-01 -2.846268436726971274e+00 -2.865582883998338826e-01
1.460039874045673702e+00 1.671009559813332102e+00 2.743552504169403328e+00
1.768013441256087948e+00 -8.043161605576680806e-01 -2.404967498534955617e+00
-2.226440287707448284e+00 -1.070710870933785586e+00 2.771301459897420827e+00
-2.700591286662268331e-01 5.872514505634912618e-01 3.419410105605461547e-01
